-199 0 -1950 0 0 0 15 0 0 0 0 0 
-197.502 -3.24222e-05 -1949.96 0.00095557 0.00517139 0.000146507 14.9595 -0.00198543 0.825551 0.0159302 0.0760976 0.00258619 
-196.007 -4.36205e-05 -1949.86 0.00339761 0.0121662 0.000448354 14.9309 -0.00149476 1.33677 0.0299659 0.0502264 0.00294638 
-194.512 0.00018324 -1949.73 0.00662905 0.0135967 0.00073434 14.9306 0.00383221 1.57842 0.0337205 -0.0251313 0.00265419 
-193.016 0.000921523 -1949.59 0.0100477 0.00706486 0.00093418 14.9569 0.0133087 1.63411 0.0343321 -0.103467 0.00254465 
-191.518 0.00243928 -1949.43 0.0134657 -0.00643879 0.00104446 15.0028 0.0255893 1.58966 0.0339385 -0.162501 0.00297858 
-190.018 0.00495176 -1949.25 0.0168252 -0.0246059 0.00111677 15.0629 0.0393168 1.51006 0.0332565 -0.196784 0.00411471 
-188.514 0.00862476 -1949.05 0.0201118 -0.0450989 0.00123723 15.1353 0.0532367 1.43413 0.0325791 -0.209996 0.00599381 
-187.006 0.0136005 -1948.83 0.0233267 -0.0661509 0.00150325 15.2199 0.0662268 1.37873 0.0320563 -0.209069 0.00857148 
-185.461 0.0200445 -1948.57 0.0237565 -0.0875875 0.00190495 15.9881 0.0733249 1.31345 -0.0136446 -0.215647 0.0105467 
-183.844 0.0280277 -1948.28 0.0215356 -0.10861 0.00271886 16.752 0.0691444 1.24243 -0.0263771 -0.201156 0.0153988 
-182.158 0.0374764 -1947.96 0.0185493 -0.127364 0.00414436 17.5089 0.0524267 1.19374 -0.0291062 -0.171432 0.0203136 
-180.402 0.0483538 -1947.6 0.0153792 -0.142731 0.00612448 18.2572 0.0244365 1.17563 -0.0286509 -0.134677 0.0238322 
-178.61 0.0605202 -1947.21 0.0121321 -0.153317 0.00833833 18.3267 -0.00751241 1.21523 -0.029101 -0.0806376 0.0225678 
-176.816 0.0737774 -1946.8 0.00896423 -0.159757 0.0104046 18.4021 -0.0375903 1.2838 -0.0277402 -0.0515683 0.0192954 
-175.017 0.088051 -1946.38 0.00598524 -0.164291 0.0120835 18.4836 -0.0622083 1.33961 -0.02651 -0.0412061 0.0142733 
-173.213 0.103223 -1945.94 0.0031829 -0.168336 0.0132049 18.5701 -0.0786685 1.37095 -0.0259612 -0.0405048 0.00807737 
-171.401 0.119123 -1945.48 0.000499304 -0.172485 0.01368 18.6602 -0.0855946 1.38199 -0.026244 -0.0425057 0.00142453 
-169.549 0.135994 -1945.02 -0.00120067 -0.177163 0.0135929 19.4397 -0.0833676 1.36049 -0.0120852 -0.0480253 -0.00344678 
-167.656 0.153569 -1944.54 -0.00293181 -0.180583 0.0130855 19.5313 -0.0761265 1.35671 -0.0220444 -0.0215169 -0.00634849 
-165.755 0.171134 -1944.05 -0.00516942 -0.181784 0.0123586 19.6205 -0.0677294 1.38027 -0.0248677 -0.00412146 -0.00787192 
-163.846 0.188442 -1943.56 -0.00757539 -0.181713 0.0115178 19.7081 -0.060088 1.4055 -0.0261739 0.00442132 -0.00853257 
-161.929 0.205219 -1943.06 -0.0100775 -0.181091 0.0106379 19.7939 -0.0545567 1.42234 -0.0269814 0.00758492 -0.00858164 
-160.005 0.221214 -1942.56 -0.0129656 -0.180925 0.00965167 19.861 -0.0492834 1.41907 -0.0329659 -0.00307515 -0.01058 
-158.073 0.236154 -1942.07 -0.0161599 -0.181525 0.00852281 19.9274 -0.0445736 1.40515 -0.0347067 -0.00761738 -0.0117002 
-156.136 0.249708 -1941.57 -0.0194545 -0.182323 0.00731151 19.9926 -0.0414989 1.39344 -0.0354869 -0.00730738 -0.0123484 
-154.192 0.261547 -1941.07 -0.0227967 -0.182953 0.00604692 20.0564 -0.0406641 1.3877 -0.0359056 -0.0045412 -0.0127606 
-152.242 0.271339 -1940.57 -0.0261595 -0.18327 0.0047375 20.119 -0.0422371 1.38688 -0.0360844 -0.0011716 -0.0131482 
-150.286 0.278751 -1940.06 -0.0295205 -0.183268 0.00337369 20.1803 -0.0459739 1.38863 -0.0360815 0.00188098 -0.013698 
-148.324 0.283453 -1939.56 -0.0328605 -0.182994 0.00193079 20.2403 -0.0512977 1.3911 -0.0359614 0.00439622 -0.0145501 
-146.356 0.285116 -1939.05 -0.0361655 -0.182499 0.000373582 20.2988 -0.057427 1.39334 -0.0357976 0.00648978 -0.0157804 
-144.382 0.283415 -1938.55 -0.039428 -0.181819 -0.00133738 20.3558 -0.0635238 1.39512 -0.0356625 0.00834775 -0.0173945 
-142.393 0.278045 -1938.04 -0.0390844 -0.179958 -0.00308512 20.5961 -0.0661994 1.41175 0.0208595 0.0290092 -0.0167515 
-140.38 0.268878 -1937.53 -0.0360174 -0.176398 -0.00506163 20.8319 -0.0596509 1.43567 0.0305763 0.0425067 -0.0195545 
-138.342 0.256 -1937.03 -0.0324996 -0.171771 -0.00733861 21.0626 -0.0437236 1.45497 0.0313025 0.0509243 -0.0218945 
-136.28 0.23955 -1936.53 -0.0290098 -0.166435 -0.00977935 21.2876 -0.0215065 1.46739 0.0301518 0.0570143 -0.0226068 
-134.198 0.219734 -1936.03 -0.0293331 -0.161665 -0.012471 21.4019 0.00315163 1.45545 -0.02917 0.0417204 -0.0260616 
-132.102 0.196515 -1935.55 -0.0325239 -0.157886 -0.0151388 21.5113 0.0212397 1.43344 -0.0402794 0.036973 -0.0238088 
-129.994 0.169526 -1935.07 -0.0363261 -0.154197 -0.0174924 21.6152 0.0281417 1.41918 -0.0424593 0.0391086 -0.020031 
-127.875 0.13835 -1934.61 -0.0402744 -0.150131 -0.0194855 21.7136 0.0231907 1.41507 -0.0423248 0.043808 -0.0163324 
-125.743 0.102581 -1934.14 -0.044205 -0.145579 -0.0211889 21.8067 0.00822875 1.41731 -0.0411938 0.0484399 -0.0137368 
-123.601 0.0618359 -1933.69 -0.0480238 -0.14061 -0.0227511 21.8944 -0.013168 1.42177 -0.0395998 0.0521047 -0.0128934 
-121.449 0.0157555 -1933.25 -0.0516795 -0.135328 -0.0243622 21.9766 -0.0365681 1.42606 -0.0379707 0.0548735 -0.0140468 
-119.286 -0.0360024 -1932.82 -0.0551627 -0.129816 -0.026216 22.0532 -0.0576221 1.42945 -0.0366728 0.0570981 -0.0170375 
-117.114 -0.0937775 -1932.4 -0.0585033 -0.124125 -0.0284732 22.124 -0.0728936 1.43207 -0.0359657 0.0590574 -0.0213742 
-114.936 -0.157832 -1931.99 -0.0600899 -0.119565 -0.030985 22.1227 -0.0817322 1.41053 -0.0096216 0.0373462 -0.0236871 
-112.757 -0.228174 -1931.59 -0.060477 -0.116509 -0.0337688 22.1175 -0.0818654 1.38054 -0.00598082 0.0288297 -0.0278572 
-110.577 -0.304711 -1931.2 -0.0607185 -0.113883 -0.0369348 22.1083 -0.0735578 1.36184 -0.00639896 0.0282245 -0.0315841 
-108.398 -0.387411 -1930.81 -0.0610305 -0.111174 -0.0404225 22.0955 -0.0593754 1.35538 -0.00774346 0.0301744 -0.0340598 
-106.219 -0.476327 -1930.44 -0.0614788 -0.108285 -0.0440938 22.0796 -0.0428011 1.35574 -0.00925472 0.0317845 -0.0349902 
-104.041 -0.571562 -1930.07 -0.0620788 -0.105295 -0.0477893 22.0609 -0.0273568 1.35806 -0.0105683 0.0322712 -0.0344402 
-101.864 -0.673232 -1929.7 -0.0628131 -0.102298 -0.0513696 22.0395 -0.0159098 1.35986 -0.0114529 0.0318743 -0.0327537 
-99.6892 -0.78144 -1929.35 -0.0636406 -0.0993564 -0.0547422 22.0156 -0.0102071 1.36058 -0.0117951 0.0310442 -0.0304493 
-97.5158 -0.896349 -1929 -0.064393 -0.094054 -0.0577926 21.985 -0.0174858 1.40728 -0.00933739 0.0736797 -0.0235884 
-95.3444 -1.01827 -1928.65 -0.0649753 -0.0858797 -0.0604267 21.9487 -0.0376277 1.46915 -0.00699549 0.0890791 -0.0185731 
-93.1748 -1.14745 -1928.33 -0.0653586 -0.0770613 -0.0627229 21.9074 -0.0651584 1.50722 -0.00439338 0.0882194 -0.0160608 
-91.0074 -1.28396 -1928.02 -0.0655144 -0.0686634 -0.0648746 21.8606 -0.0939594 1.52013 -0.00191338 0.0819238 -0.0162101 
-88.8432 -1.42767 -1927.72 -0.065458 -0.060912 -0.0671189 21.8078 -0.118501 1.51891 2.17632e-05 0.0759903 -0.0186703 
-86.6828 -1.57839 -1927.45 -0.0652477 -0.0536792 -0.0696604 21.7485 -0.134796 1.51339 0.0011266 0.0719857 -0.0227084 
-84.5273 -1.73594 -1927.19 -0.0649701 -0.046794 -0.0726223 21.683 -0.140935 1.50854 0.0013052 0.0694404 -0.0273987 
-82.3774 -1.90015 -1926.94 -0.0647186 -0.0401569 -0.0760294 21.6115 -0.137154 1.50554 0.000645719 0.0674669 -0.0318227 
-80.2261 -2.07141 -1926.71 -0.0660431 -0.0350213 -0.0801412 21.6922 -0.116705 1.47685 -0.0240831 0.0434247 -0.0425536 
-78.0665 -2.25026 -1926.49 -0.0686962 -0.0314888 -0.0849892 21.7676 -0.0832691 1.44006 -0.0312456 0.0358545 -0.0487282 
-75.8995 -2.43698 -1926.28 -0.0718875 -0.0282085 -0.0902569 21.8369 -0.0455099 1.41826 -0.0355127 0.0379619 -0.0511057 
-73.7258 -2.63194 -1926.09 -0.0754655 -0.0245462 -0.0956297 21.9007 -0.0114141 1.412 -0.0387171 0.0430944 -0.0501288 
-71.546 -2.83567 -1925.9 -0.0793342 -0.0203854 -0.100824 21.9594 0.0127077 1.4143 -0.0407888 0.0476672 -0.046671 
-69.3605 -3.04868 -1925.71 -0.0833754 -0.0158302 -0.105647 22.0132 0.0231707 1.41892 -0.0415701 0.0507257 -0.0419537 
-67.1701 -3.27146 -1925.54 -0.0874599 -0.0110128 -0.110032 22.0621 0.0193161 1.4227 -0.0411135 0.0526029 -0.0372965 
-64.9752 -3.50443 -1925.38 -0.0914723 -0.00602302 -0.114037 22.1059 0.00329044 1.42498 -0.0396915 0.0538933 -0.0338573 
-62.7766 -3.74794 -1925.23 -0.0953326 -0.000908967 -0.117826 22.1446 -0.0206901 1.42618 -0.0377274 0.0549979 -0.0324281 
-60.5573 -4.00433 -1925.1 -0.0987653 0.00520815 -0.121763 22.5261 -0.0445621 1.43853 -0.0321105 0.0738252 -0.0345211 
-58.3014 -4.27617 -1924.97 -0.101935 0.0129617 -0.12621 22.8916 -0.0618442 1.45747 -0.0308044 0.0887166 -0.0386553 
-56.0105 -4.56404 -1924.86 -0.105101 0.0219579 -0.131284 23.2405 -0.069588 1.47472 -0.0309326 0.100306 -0.0437372 
-53.6864 -4.8686 -1924.78 -0.108395 0.0319337 -0.13701 23.5722 -0.0671995 1.48821 -0.0319986 0.11008 -0.0487537 
-51.3314 -5.19048 -1924.72 -0.111913 0.042767 -0.143334 23.8858 -0.05637 1.49889 -0.0337187 0.119091 -0.0528187 
-48.9475 -5.53037 -1924.69 -0.115715 0.0544156 -0.150131 24.1807 -0.0405644 1.5082 -0.0357394 0.12774 -0.0553411 
-46.5374 -5.88895 -1924.68 -0.119819 0.0668596 -0.157243 24.4566 -0.0241148 1.51696 -0.037672 0.136028 -0.0561415 
-44.1119 -6.26547 -1924.71 -0.121482 0.0804667 -0.164439 24.5409 -0.00890629 1.53584 0.00186158 0.149782 -0.0543052 
-41.6818 -6.6589 -1924.77 -0.121651 0.0949975 -0.171696 24.6104 0.00606127 1.55467 0.00583471 0.155173 -0.0538478 
-39.2493 -7.06925 -1924.87 -0.121811 0.109834 -0.178911 24.6654 0.0186823 1.56439 0.00555965 0.15644 -0.0524377 
-36.8166 -7.49641 -1925.01 -0.122103 0.124753 -0.185963 24.7055 0.0264484 1.5671 0.00517701 0.156759 -0.0502082 
-34.3858 -7.94009 -1925.18 -0.122486 0.13974 -0.192798 24.7306 0.0281661 1.56685 0.00524912 0.157319 -0.047724 
-31.9593 -8.39997 -1925.39 -0.122911 0.154822 -0.199425 24.7408 0.0241985 1.56605 0.00576573 0.158121 -0.0455758 
-29.539 -8.87561 -1925.64 -0.123344 0.170002 -0.205905 24.7361 0.01618 1.56534 0.00656119 0.158846 -0.0442082 
-27.1272 -9.36658 -1925.92 -0.123779 0.185248 -0.212326 24.7167 0.0064459 1.56455 0.00741891 0.159261 -0.0438306 
-24.7119 -9.87539 -1926.24 -0.122593 0.200628 -0.218777 24.9718 0.00137075 1.56134 0.0328956 0.162399 -0.0446911 
-22.2821 -10.4044 -1926.61 -0.120487 0.216507 -0.225492 25.203 0.0061328 1.56053 0.0359027 0.169126 -0.0472156 
-19.8693 -10.9465 -1927.02 -0.11823 0.232681 -0.232181 24.8195 0.00961235 1.56366 0.0381396 0.166309 -0.04381 
-17.5034 -11.4942 -1927.45 -0.115902 0.248306 -0.238459 24.4245 0.00640414 1.56257 0.0382938 0.157653 -0.0409091 
-15.1854 -12.0462 -1927.92 -0.117941 0.26174 -0.244653 24.0235 0.00167472 1.5303 -0.0266648 0.125856 -0.0453012 
-12.9154 -12.6019 -1928.4 -0.122736 0.272733 -0.250782 23.6145 -0.00785178 1.48951 -0.0341041 0.108487 -0.0456186 
-10.6934 -13.1608 -1928.9 -0.127819 0.282403 -0.25686 23.1982 -0.0223497 1.46192 -0.0338527 0.098693 -0.0463669 
-8.51902 -13.7227 -1929.41 -0.132884 0.291175 -0.263024 22.7764 -0.0393292 1.44655 -0.0325094 0.0906092 -0.0482913 
-6.39212 -14.2873 -1929.93 -0.137919 0.299049 -0.269394 22.3507 -0.0561385 1.43709 -0.0311489 0.0816487 -0.0514142 
-4.31238 -14.8546 -1930.46 -0.142961 0.305888 -0.276055 21.9228 -0.07074 1.42905 -0.0300501 0.0713983 -0.0554937 
-2.27939 -15.4245 -1930.98 -0.148055 0.311567 -0.28306 21.4941 -0.0820143 1.42072 -0.0293044 0.060237 -0.0601751 
-0.292532 -15.997 -1931.5 -0.153238 0.31601 -0.290428 21.0659 -0.0897742 1.41195 -0.0289067 0.0485837 -0.0650934 
1.67143 -16.5789 -1932.03 -0.156595 0.319285 -0.298019 21.136 -0.0926397 1.39592 0.000692766 0.0398205 -0.0679404 
3.63501 -17.1771 -1932.56 -0.158744 0.321994 -0.305958 21.2014 -0.087312 1.37901 0.00484069 0.0383163 -0.0723548 
5.59778 -17.7916 -1933.11 -0.160941 0.3247 -0.314354 21.2618 -0.0749999 1.36965 0.00428837 0.0408318 -0.0760156 
7.55923 -18.4225 -1933.66 -0.163395 0.327661 -0.32313 21.3176 -0.0587941 1.36728 0.00280899 0.044471 -0.0782506 
9.51868 -19.07 -1934.22 -0.166104 0.330924 -0.332136 21.3689 -0.0422463 1.36856 0.00129489 0.0477388 -0.0789377 
11.4753 -19.7343 -1934.79 -0.169001 0.334448 -0.341213 21.4156 -0.0285631 1.37073 0.000102584 0.0502634 -0.0782879 
13.4284 -20.4156 -1935.37 -0.172007 0.338185 -0.350232 21.458 -0.0200473 1.37243 -0.000584632 0.0522048 -0.0767389 
15.3771 -21.1139 -1935.96 -0.175042 0.3421 -0.359123 21.4957 -0.0177863 1.37337 -0.000709736 0.0538243 -0.0748432 
17.3205 -21.8295 -1936.56 -0.17805 0.346173 -0.367876 21.529 -0.0216035 1.37374 -0.000327787 0.0552982 -0.0731527 
19.258 -22.5622 -1937.17 -0.181003 0.350388 -0.376535 21.5576 -0.0302499 1.37378 0.000419507 0.0566953 -0.0721179 
21.1714 -23.3054 -1937.78 -0.187076 0.354164 -0.385046 21.1824 -0.0510946 1.36968 -0.0481791 0.0465974 -0.070341 
23.0631 -24.0601 -1938.39 -0.192696 0.356242 -0.393182 21.2658 -0.075296 1.34259 -0.0163006 0.0257123 -0.0726169 
24.9532 -24.8344 -1939.01 -0.196867 0.356893 -0.401513 21.3456 -0.0910835 1.30866 -0.0105357 0.0192911 -0.0783316 
26.8418 -25.6283 -1939.64 -0.201002 0.357238 -0.410469 21.4216 -0.0960523 1.28806 -0.0099496 0.0215435 -0.0848232 
28.7287 -26.442 -1940.27 -0.205434 0.357819 -0.42018 21.494 -0.0908635 1.28142 -0.0108968 0.0266722 -0.0908755 
30.6134 -27.2758 -1940.91 -0.21025 0.358745 -0.430583 21.5634 -0.0780795 1.28269 -0.0125271 0.0314749 -0.0957158 
32.495 -28.1301 -1941.55 -0.215439 0.359946 -0.441512 21.6298 -0.0613623 1.2863 -0.0144028 0.0350343 -0.0989278 
34.357 -28.9978 -1942.18 -0.220087 0.363687 -0.453089 21.3141 -0.0509753 1.34009 -0.000767214 0.0786018 -0.0965365 
36.1821 -29.8716 -1942.82 -0.224342 0.369987 -0.465117 20.9968 -0.0508531 1.40717 0.00136409 0.0893697 -0.0947885 
37.9689 -30.7516 -1943.45 -0.228518 0.376283 -0.47705 20.6792 -0.059715 1.44506 0.00211879 0.0813104 -0.0936414 
39.7165 -31.6378 -1944.07 -0.232564 0.381378 -0.488673 20.3616 -0.0754609 1.45383 0.00298614 0.0669137 -0.0935452 
41.425 -32.5298 -1944.7 -0.236462 0.384995 -0.500031 20.0439 -0.0953559 1.44629 0.00402158 0.0527017 -0.0948076 
43.0949 -33.4273 -1945.31 -0.240249 0.387242 -0.511289 19.7262 -0.116571 1.43359 0.00503909 0.0405529 -0.0974991 
44.7271 -34.3299 -1945.92 -0.243989 0.388279 -0.522625 19.4094 -0.136659 1.4216 0.00584711 0.030121 -0.101479 
46.3223 -35.2375 -1946.52 -0.247753 0.388202 -0.534178 19.0943 -0.153865 1.41213 0.00631154 0.0205157 -0.10646 
47.8814 -36.1498 -1947.11 -0.251597 0.387033 -0.546032 18.7822 -0.167253 1.40496 0.00637235 0.0110467 -0.112087 
49.4201 -37.076 -1947.68 -0.258036 0.385001 -0.558257 18.8526 -0.180665 1.39577 -0.032991 0.00743813 -0.116666 
50.9534 -38.0258 -1948.26 -0.266503 0.382653 -0.570766 18.9234 -0.195908 1.38597 -0.0405627 0.00787932 -0.11954 
52.4807 -38.9995 -1948.84 -0.275411 0.380292 -0.583606 18.9944 -0.212358 1.37995 -0.0415814 0.0106838 -0.122871 
54.0014 -39.9979 -1949.42 -0.284482 0.378044 -0.596899 19.0657 -0.228412 1.37782 -0.0413726 0.0143977 -0.127062 
55.515 -41.0215 -1949.99 -0.293703 0.375914 -0.610749 19.1374 -0.242517 1.37815 -0.0411272 0.0181676 -0.132055 
57.0205 -42.071 -1950.56 -0.303115 0.373857 -0.625225 19.2096 -0.25354 1.37944 -0.0411453 0.0216784 -0.137623 
58.517 -43.147 -1951.13 -0.312759 0.371819 -0.640365 19.2823 -0.26092 1.38079 -0.0414983 0.0249327 -0.143477 
59.9841 -44.2353 -1951.69 -0.318702 0.368387 -0.655567 18.8321 -0.263312 1.36661 0.0168555 -0.00113385 -0.148438 
61.4036 -45.3214 -1952.23 -0.321781 0.362471 -0.670657 18.397 -0.260107 1.34551 0.0263389 -0.0215241 -0.156402 
62.7778 -46.4054 -1952.74 -0.324472 0.354558 -0.685872 17.9782 -0.252581 1.328 0.0260139 -0.0375003 -0.163878 
64.1091 -47.4876 -1953.23 -0.327238 0.344998 -0.701212 17.5771 -0.243546 1.31682 0.0237296 -0.0511449 -0.170162 
65.3996 -48.5683 -1953.68 -0.330112 0.33397 -0.716586 17.1954 -0.235642 1.31095 0.0212422 -0.0639701 -0.175255 
66.653 -49.6495 -1954.11 -0.336374 0.321912 -0.732128 16.8803 -0.234631 1.31366 -0.0334989 -0.0682591 -0.180553 
67.8722 -50.7334 -1954.5 -0.345303 0.309091 -0.747617 16.5795 -0.245518 1.32049 -0.0458154 -0.075488 -0.182567 
69.0581 -51.8205 -1954.86 -0.354534 0.295269 -0.762801 16.2946 -0.268233 1.32622 -0.0475469 -0.0851095 -0.184717 
70.2115 -52.9115 -1955.19 -0.363464 0.28025 -0.777678 16.0267 -0.300229 1.32913 -0.0463297 -0.0959818 -0.188211 
71.3334 -54.007 -1955.49 -0.371943 0.263916 -0.792362 15.7771 -0.338084 1.32946 -0.0442372 -0.107143 -0.193537 
72.4245 -55.1075 -1955.75 -0.378847 0.245454 -0.806793 15.5461 -0.374515 1.31637 -0.0250354 -0.132741 -0.202306 
73.4862 -56.2135 -1955.98 -0.384371 0.224484 -0.821154 15.3372 -0.404789 1.29583 -0.0196444 -0.151336 -0.213389 
74.5199 -57.3255 -1956.17 -0.38936 0.201559 -0.835834 15.1513 -0.427035 1.27757 -0.0184344 -0.164197 -0.225457 
75.5353 -58.4536 -1956.33 -0.395283 0.177867 -0.851292 15.2472 -0.441728 1.26991 -0.0378955 -0.157438 -0.235935 
76.5535 -59.6225 -1956.45 -0.400969 0.154254 -0.86751 15.7415 -0.444541 1.25747 -0.0251522 -0.152653 -0.242272 
77.5857 -60.8473 -1956.55 -0.405747 0.131061 -0.884486 16.2455 -0.430303 1.23927 -0.0231679 -0.140935 -0.248768 
78.6304 -62.1293 -1956.61 -0.410279 0.108911 -0.902433 16.7569 -0.400022 1.22562 -0.0249507 -0.12351 -0.253755 
79.6861 -63.4692 -1956.66 -0.41479 0.0883018 -0.921361 17.2739 -0.35699 1.22071 -0.0282331 -0.1027 -0.256095 
80.7505 -64.8681 -1956.67 -0.419354 0.0695492 -0.941101 17.7945 -0.306344 1.22425 -0.0320357 -0.0807398 -0.255042 
81.8215 -66.3271 -1956.66 -0.423979 0.0528193 -0.961362 18.317 -0.25447 1.23374 -0.0356923 -0.0591746 -0.25029 
82.8788 -67.8215 -1956.62 -0.429514 0.0384415 -0.982008 18.2196 -0.215395 1.26402 -0.0524171 -0.03456 -0.243538 
83.9037 -69.3268 -1956.55 -0.435646 0.0258304 -1.00253 18.1381 -0.200788 1.30245 -0.0559765 -0.0245592 -0.234512 
84.8957 -70.8443 -1956.46 -0.441626 0.0139043 -1.02235 18.0725 -0.209987 1.32916 -0.0553009 -0.0241981 -0.225744 
85.8544 -72.3748 -1956.34 -0.447187 0.00201263 -1.04129 18.0224 -0.238913 1.34075 -0.0526474 -0.0280138 -0.21889 
86.7825 -73.9238 -1956.2 -0.449506 -0.0104359 -1.05947 18.1012 -0.271459 1.33469 -0.00602768 -0.0377792 -0.21799 
87.683 -75.4966 -1956.04 -0.449103 -0.0236192 -1.0775 18.1928 -0.295173 1.3198 0.00543759 -0.0420876 -0.221832 
88.5528 -77.0868 -1955.85 -0.450218 -0.0366553 -1.09628 18.1522 -0.30928 1.3193 -0.03023 -0.0302872 -0.228954 
89.3888 -78.6883 -1955.64 -0.452868 -0.049131 -1.11599 18.1242 -0.317102 1.3306 -0.0378625 -0.0232035 -0.234195 
90.1908 -80.3015 -1955.41 -0.455646 -0.0614486 -1.13634 18.1092 -0.319103 1.34176 -0.0398565 -0.0204369 -0.238965 
90.9585 -81.927 -1955.15 -0.458283 -0.0738978 -1.15714 18.107 -0.315522 1.3482 -0.0409935 -0.0201057 -0.243254 
91.6918 -83.5651 -1954.87 -0.460748 -0.0865867 -1.17828 18.1174 -0.307053 1.3498 -0.0422119 -0.0204684 -0.246799 
92.3905 -85.2161 -1954.57 -0.463049 -0.0994834 -1.19967 18.14 -0.294866 1.34828 -0.0435975 -0.0204522 -0.249357 
93.0654 -86.9097 -1954.24 -0.46551 -0.112565 -1.22104 18.805 -0.277422 1.32962 -0.0498327 -0.0208252 -0.247448 
93.7257 -88.6752 -1953.89 -0.468119 -0.124984 -1.24245 19.4637 -0.251753 1.30484 -0.0529302 -0.00769667 -0.243621 
94.3665 -90.5051 -1953.5 -0.470583 -0.135788 -1.26416 19.9732 -0.223716 1.29325 -0.0532681 0.0105727 -0.237886 
94.9831 -92.3927 -1953.1 -0.472888 -0.144576 -1.2862 20.4802 -0.199284 1.29721 -0.054462 0.0312126 -0.230418 
95.5729 -94.3378 -1952.67 -0.475095 -0.151227 -1.30844 20.9835 -0.182248 1.31093 -0.055208 0.0509709 -0.221634 
96.1329 -96.3405 -1952.22 -0.477207 -0.15584 -1.33074 21.4818 -0.175164 1.32835 -0.0551626 0.0686826 -0.212288 
96.66 -98.4007 -1951.75 -0.4792 -0.158587 -1.35299 21.9735 -0.178793 1.34577 -0.0542913 0.0844992 -0.203285 
97.1511 -100.518 -1951.27 -0.481037 -0.159645 -1.37518 22.4573 -0.191886 1.36192 -0.0527492 0.0990193 -0.195504 
97.6011 -102.681 -1950.79 -0.481659 -0.158725 -1.3978 22.7052 -0.207617 1.39175 -0.0359695 0.122019 -0.192458 
98.0036 -104.866 -1950.3 -0.482477 -0.156686 -1.42054 22.7052 -0.232968 1.4141 -0.0474224 0.12139 -0.186751 
98.3549 -107.06 -1949.81 -0.48375 -0.15466 -1.44274 22.7049 -0.269087 1.42022 -0.046195 0.118188 -0.183361 
98.6548 -109.262 -1949.32 -0.484868 -0.152846 -1.46464 22.7039 -0.30801 1.41839 -0.0432185 0.115757 -0.183477 
98.9032 -111.471 -1948.84 -0.485725 -0.151287 -1.48662 22.702 -0.341844 1.41493 -0.0406461 0.114745 -0.186824 
99.1 -113.686 -1948.36 -0.486349 -0.150001 -1.50899 22.6993 -0.364638 1.41257 -0.039143 0.114652 -0.192434 
99.2453 -115.905 -1947.88 -0.486828 -0.149009 -1.53191 22.6959 -0.373361 1.41162 -0.038912 0.114872 -0.198997 
99.339 -118.128 -1947.41 -0.487667 -0.147521 -1.55616 22.7323 -0.360217 1.43122 -0.0477776 0.133965 -0.210452 
99.3805 -120.358 -1946.93 -0.488915 -0.145351 -1.58191 22.7664 -0.327451 1.45754 -0.0522193 0.141781 -0.218494 
99.3681 -122.592 -1946.46 -0.490545 -0.143145 -1.60838 22.7986 -0.284358 1.47382 -0.0564555 0.142927 -0.222405 
99.3007 -124.83 -1946 -0.492619 -0.141087 -1.635 22.8284 -0.241008 1.47965 -0.0603192 0.142 -0.222076 
99.1777 -127.069 -1945.54 -0.495122 -0.139065 -1.66138 22.8554 -0.206329 1.47983 -0.063169 0.141371 -0.218228 
98.9985 -129.308 -1945.09 -0.497957 -0.136888 -1.68729 22.8795 -0.186457 1.47843 -0.064575 0.141587 -0.212207 
98.7629 -131.546 -1944.64 -0.500988 -0.134432 -1.71266 22.9006 -0.18382 1.47732 -0.0644471 0.142381 -0.20564 
98.4705 -133.78 -1944.2 -0.504071 -0.131676 -1.73753 22.9189 -0.197086 1.47687 -0.0630164 0.143363 -0.200076 
98.1208 -136.011 -1943.76 -0.503758 -0.130018 -1.76089 22.9998 -0.224063 1.44253 -0.00753317 0.113225 -0.191217 
97.7144 -138.242 -1943.33 -0.501026 -0.12978 -1.78286 23.0795 -0.254279 1.39888 0.00292068 0.103608 -0.189037 
97.2531 -140.47 -1942.9 -0.497721 -0.129708 -1.80465 23.157 -0.279324 1.37502 0.00631954 0.105739 -0.190047 
96.7384 -142.694 -1942.46 -0.494138 -0.129281 -1.82682 23.2328 -0.294118 1.37019 0.00782634 0.111099 -0.192886 
96.1708 -144.914 -1942.03 -0.490415 -0.12848 -1.84952 23.3073 -0.29646 1.37483 0.00809064 0.115501 -0.19631 
95.5503 -147.127 -1941.6 -0.486681 -0.127438 -1.87267 23.3805 -0.287034 1.38136 0.00734953 0.118148 -0.199145 
94.8783 -149.329 -1941.17 -0.485373 -0.126257 -1.89692 23.3797 -0.252212 1.3943 -0.0319306 0.126253 -0.21363 
94.1559 -151.516 -1940.74 -0.485957 -0.125104 -1.92233 23.3774 -0.198231 1.40719 -0.0420186 0.128755 -0.220506 
93.3825 -153.685 -1940.32 -0.488423 -0.123211 -1.94792 23.3764 -0.161097 1.42707 -0.0641128 0.14064 -0.209577 
92.5572 -155.837 -1939.9 -0.491991 -0.120163 -1.97273 23.3728 -0.157944 1.4453 -0.0662188 0.143997 -0.196433 
91.6796 -157.969 -1939.49 -0.495692 -0.116537 -1.9965 23.3669 -0.185976 1.45353 -0.0634772 0.143227 -0.185361 
90.7498 -160.079 -1939.09 -0.499198 -0.112686 -2.01941 23.3583 -0.235657 1.45422 -0.0588816 0.141699 -0.178777 
89.7683 -162.165 -1938.69 -0.502346 -0.10884 -2.04192 23.3471 -0.294112 1.45188 -0.0538826 0.140749 -0.17773 
88.7358 -164.227 -1938.3 -0.505095 -0.105193 -2.06455 23.3332 -0.348319 1.44941 -0.04962 0.140435 -0.181966 
87.6532 -166.262 -1937.91 -0.507511 -0.101925 -2.08773 23.317 -0.387861 1.44773 -0.0469043 0.140408 -0.190162 
86.5213 -168.27 -1937.53 -0.509737 -0.0991668 -2.11174 23.2987 -0.406754 1.44672 -0.0461127 0.140384 -0.200353 
85.3427 -170.245 -1937.16 -0.512141 -0.0982062 -2.1364 23.2147 -0.392824 1.42317 -0.0504409 0.118812 -0.21797 
84.1207 -172.185 -1936.79 -0.514941 -0.0993685 -2.16171 23.1324 -0.349173 1.39288 -0.0555973 0.110099 -0.231244 
82.8572 -174.088 -1936.43 -0.518186 -0.101516 -2.18769 23.0513 -0.289399 1.37425 -0.061432 0.108658 -0.238575 
81.5462 -175.963 -1936.06 -0.520273 -0.105173 -2.21356 23.2207 -0.216133 1.33788 -0.0418322 0.0867707 -0.243801 
80.1817 -177.82 -1935.69 -0.521826 -0.110051 -2.23905 23.3901 -0.136729 1.30039 -0.0450036 0.0834019 -0.243333 
78.7648 -179.657 -1935.31 -0.523747 -0.11459 -2.26433 23.5588 -0.06727 1.28292 -0.0499303 0.0895953 -0.236281 
77.2959 -181.474 -1934.92 -0.526026 -0.118036 -2.28916 23.7271 -0.0209581 1.28199 -0.0529031 0.0978108 -0.224468 
75.7748 -183.267 -1934.53 -0.528489 -0.120221 -2.31324 23.8953 -0.00482281 1.28817 -0.0531961 0.104741 -0.210729 
74.2012 -185.036 -1934.13 -0.530919 -0.121262 -2.33646 24.0635 -0.0186357 1.29502 -0.0510157 0.110036 -0.19805 
72.5751 -186.78 -1933.72 -0.533111 -0.121383 -2.35896 24.2311 -0.055607 1.30034 -0.0471184 0.114405 -0.188892 
70.9014 -188.49 -1933.31 -0.536195 -0.119309 -2.38152 24.2534 -0.12229 1.33752 -0.061624 0.145426 -0.176031 
69.1847 -190.161 -1932.9 -0.539475 -0.115101 -2.40427 24.274 -0.210979 1.38052 -0.0563059 0.155639 -0.170383 
67.4243 -191.79 -1932.5 -0.542176 -0.11056 -2.42712 24.2933 -0.299804 1.4026 -0.0493274 0.155099 -0.17358 
65.6208 -193.376 -1932.1 -0.544307 -0.106627 -2.45046 24.3112 -0.369024 1.40731 -0.0442996 0.152244 -0.184068 
63.7751 -194.916 -1931.7 -0.546061 -0.103608 -2.47479 24.3273 -0.405877 1.40482 -0.0423281 0.150601 -0.19873 
61.8887 -196.41 -1931.31 -0.54771 -0.101493 -2.50038 24.3418 -0.406603 1.40175 -0.0434938 0.150488 -0.21391 
59.9629 -197.857 -1930.93 -0.549529 -0.100122 -2.52719 24.3545 -0.376099 1.40022 -0.0471403 0.151182 -0.226315 
57.999 -199.255 -1930.55 -0.551729 -0.09926 -2.5549 24.3654 -0.325677 1.39999 -0.0521358 0.152056 -0.233718 
55.9981 -200.602 -1930.18 -0.55442 -0.0986307 -2.58305 24.3743 -0.269661 1.40023 -0.0571914 0.152835 -0.235324 
53.9616 -201.897 -1929.81 -0.557595 -0.0979659 -2.61113 24.3811 -0.221744 1.40038 -0.061173 0.15348 -0.231758 
51.8855 -203.142 -1929.44 -0.561101 -0.0955901 -2.63967 24.4998 -0.191797 1.4337 -0.0637173 0.184742 -0.224144 
49.7653 -204.336 -1929.08 -0.564793 -0.0910602 -2.66864 24.6134 -0.184032 1.47564 -0.0638619 0.1972 -0.215328 
47.6012 -205.476 -1928.72 -0.568587 -0.0856274 -2.69725 24.7226 -0.197649 1.49924 -0.0623036 0.199527 -0.207533 
45.3941 -206.559 -1928.38 -0.572367 -0.079892 -2.72535 24.8266 -0.226975 1.50661 -0.0596275 0.199503 -0.202483 
43.1458 -207.582 -1928.05 -0.576035 -0.0740537 -2.75321 24.9251 -0.263418 1.50701 -0.0565958 0.200482 -0.20108 
40.8696 -208.54 -1927.73 -0.573851 -0.0702598 -2.77965 24.7821 -0.291468 1.45805 0.0330603 0.155516 -0.202865 
38.5801 -209.429 -1927.43 -0.568085 -0.0692566 -2.80499 24.6396 -0.297045 1.39857 0.0431497 0.138261 -0.211808 
36.2811 -210.253 -1927.12 -0.562021 -0.0693198 -2.8306 24.497 -0.279417 1.36657 0.0420068 0.135511 -0.219997 
33.975 -211.013 -1926.82 -0.556167 -0.0696315 -2.85675 24.3553 -0.245528 1.35764 0.0386071 0.135892 -0.225003 
31.6639 -211.711 -1926.53 -0.550656 -0.0699732 -2.88315 24.2152 -0.205221 1.35833 0.0348166 0.134731 -0.225979 
29.3493 -212.347 -1926.23 -0.545508 -0.0703104 -2.90935 24.0773 -0.168291 1.35998 0.0315664 0.131635 -0.223168 
27.0327 -212.922 -1925.94 -0.540663 -0.0706101 -2.935 23.9417 -0.142265 1.35977 0.0294488 0.127551 -0.217617 
24.7158 -213.437 -1925.65 -0.536008 -0.0708277 -2.95988 23.8087 -0.131094 1.35793 0.0287082 0.123279 -0.210809 
22.3998 -213.892 -1925.36 -0.531413 -0.0709477 -2.98397 23.6784 -0.134871 1.35543 0.0292476 0.119151 -0.204267 
20.0781 -214.29 -1925.07 -0.529436 -0.0711087 -3.00702 23.7157 -0.16209 1.34513 -0.00903578 0.111768 -0.193545 
17.7439 -214.631 -1924.77 -0.528909 -0.0710787 -3.02895 23.7532 -0.211836 1.33408 -0.00963694 0.110348 -0.184634 
15.3987 -214.918 -1924.48 -0.528128 -0.070702 -3.05035 23.7906 -0.271855 1.3291 -0.00487483 0.111703 -0.181276 
13.0438 -215.149 -1924.18 -0.526864 -0.0701327 -3.0718 23.8281 -0.327904 1.32905 -0.000210848 0.113529 -0.183632 
10.6805 -215.325 -1923.88 -0.525184 -0.0696264 -3.09374 23.8657 -0.368201 1.33111 0.00285924 0.114895 -0.190338 
8.31813 -215.445 -1923.58 -0.522068 -0.0695295 -3.1164 23.7419 -0.383015 1.33331 0.021693 0.112601 -0.200839 
5.96588 -215.51 -1923.28 -0.518185 -0.0701725 -3.13988 23.621 -0.370423 1.33373 0.0221098 0.108917 -0.211712 
3.62485 -215.521 -1922.98 -0.514421 -0.0715337 3.11918 23.5032 -0.336285 1.3321 0.0187446 0.104994 -0.2196 
1.29609 -215.479 -1922.68 -0.51099 -0.0734227 3.09473 23.3884 -0.290714 1.32952 0.0144325 0.101341 -0.223115 
-1.01941 -215.383 -1922.38 -0.50794 -0.0755958 3.07034 23.2765 -0.244768 1.32686 0.0103942 0.0980314 -0.222101 
-3.32072 -215.236 -1922.08 -0.505222 -0.0778328 3.04635 23.1678 -0.207924 1.32446 0.00742293 0.0949625 -0.217382 
-5.60695 -215.037 -1921.77 -0.502727 -0.0799815 3.02302 23.0624 -0.186357 1.32232 0.00594824 0.0920229 -0.210417 
-7.8773 -214.789 -1921.46 -0.500317 -0.0819733 3.00048 22.9604 -0.182184 1.32035 0.00602692 0.0891465 -0.202905 
-10.1515 -214.487 -1921.14 -0.498556 -0.0835796 2.97834 23.2769 -0.185482 1.31947 -0.00401913 0.0945057 -0.199551 
-12.4489 -214.13 -1920.82 -0.497143 -0.0843821 2.95619 23.5889 -0.189533 1.32205 -0.00440683 0.102464 -0.196074 
-14.7678 -213.716 -1920.5 -0.495662 -0.0842597 2.93392 23.8957 -0.193456 1.3288 -0.00348066 0.111085 -0.193155 
-17.1064 -213.243 -1920.17 -0.494082 -0.0832322 2.91148 24.1965 -0.196118 1.33782 -0.00253115 0.119323 -0.190784 
-19.4442 -212.715 -1919.84 -0.495623 -0.0803203 2.88785 24.1005 -0.195466 1.38071 -0.0513518 0.150873 -0.194822 
-21.7607 -212.135 -1919.52 -0.499238 -0.0758945 2.86316 24.0025 -0.197985 1.42715 -0.0574233 0.158745 -0.19543 
-24.0543 -211.502 -1919.21 -0.503187 -0.0715063 2.83838 23.9033 -0.204993 1.44874 -0.0577488 0.154725 -0.196004 
-26.3234 -210.816 -1918.91 -0.507227 -0.067763 2.81379 23.8027 -0.21509 1.45035 -0.0571918 0.148326 -0.197239 
-28.5662 -210.077 -1918.61 -0.511294 -0.0647045 2.78932 23.7006 -0.226295 1.44362 -0.0565076 0.143425 -0.199314 
-30.7811 -209.286 -1918.33 -0.515362 -0.0622112 2.76483 23.5969 -0.236708 1.43608 -0.0559234 0.140324 -0.202171 
-32.9727 -208.442 -1918.05 -0.5176 -0.0602033 2.74004 23.6207 -0.235359 1.42998 -0.0282674 0.139399 -0.208824 
-35.1453 -207.542 -1917.77 -0.518763 -0.0585967 2.71462 23.6422 -0.217056 1.42656 -0.026552 0.140054 -0.215833 
-37.2973 -206.588 -1917.5 -0.520024 -0.0572228 2.68865 23.6615 -0.187145 1.4258 -0.0289743 0.141233 -0.220238 
-39.427 -205.58 -1917.23 -0.521585 -0.0559222 2.66238 23.6786 -0.153588 1.42637 -0.0319233 0.142312 -0.221325 
-41.5327 -204.517 -1916.97 -0.523454 -0.0545594 2.6361 23.6936 -0.12422 1.42715 -0.0343551 0.143141 -0.219365 
-43.6126 -203.401 -1916.72 -0.52557 -0.0530301 2.61005 23.7064 -0.10498 1.42766 -0.0357713 0.143784 -0.215285 
-45.6651 -202.232 -1916.47 -0.527829 -0.0512748 2.58438 23.7171 -0.0988629 1.4278 -0.0359981 0.144334 -0.210356 
-47.6885 -201.011 -1916.22 -0.530122 -0.04929 2.55909 23.7259 -0.105648 1.42769 -0.0351468 0.144841 -0.205873 
-49.6812 -199.738 -1915.97 -0.532357 -0.0471271 2.5341 23.7327 -0.122369 1.42746 -0.0335483 0.145318 -0.202873 
-51.6417 -198.413 -1915.74 -0.534475 -0.0448781 2.50926 23.7376 -0.144313 1.42717 -0.0316523 0.145753 -0.201944 
-53.5682 -197.039 -1915.5 -0.539075 -0.044346 2.48528 23.7416 -0.169049 1.38808 -0.0692581 0.112668 -0.203906 
-55.4599 -195.617 -1915.27 -0.545222 -0.0458159 2.46226 23.746 -0.195668 1.33891 -0.0727344 0.10246 -0.205493 
-57.3163 -194.148 -1915.03 -0.55138 -0.0478264 2.4392 23.7504 -0.220045 1.31132 -0.0718491 0.104494 -0.208957 
-59.1367 -192.636 -1914.8 -0.557362 -0.0498567 2.41557 23.7556 -0.237952 1.30332 -0.0709705 0.10954 -0.21405 
-60.9144 -191.084 -1914.55 -0.563088 -0.0512335 2.39093 23.6094 -0.252184 1.3215 -0.0688609 0.126137 -0.217659 
-62.6452 -189.497 -1914.3 -0.568355 -0.0512473 2.36474 23.5449 -0.259648 1.36585 -0.0647341 0.150064 -0.224194 
-64.3302 -187.87 -1914.05 -0.573422 -0.0506152 2.33726 23.4816 -0.2575 1.4036 -0.0648829 0.154899 -0.230653 
-65.967 -186.203 -1913.8 -0.578558 -0.0504601 2.30929 23.4202 -0.247835 1.41888 -0.0661732 0.151402 -0.236 
-67.5539 -184.497 -1913.55 -0.583832 -0.051069 2.28118 23.3601 -0.234178 1.41846 -0.0677976 0.146884 -0.239753 
-69.0896 -182.753 -1913.3 -0.589237 -0.0523044 2.25303 23.3013 -0.220451 1.41217 -0.0693125 0.143983 -0.241862 
-70.5728 -180.972 -1913.05 -0.594734 -0.0539412 2.22489 23.2438 -0.210055 1.40578 -0.0704261 0.142678 -0.242625 
-72.0007 -179.158 -1912.79 -0.597487 -0.0566519 2.198 23.1279 -0.216243 1.37502 -0.0271687 0.116863 -0.233354 
-73.3714 -177.315 -1912.54 -0.598246 -0.0605147 2.17266 23.0166 -0.237715 1.33834 -0.0193233 0.106156 -0.228852 
-74.6859 -175.447 -1912.27 -0.598453 -0.0647059 2.14789 22.9097 -0.266721 1.31635 -0.0160513 0.103929 -0.227409 
-75.9448 -173.554 -1911.99 -0.598279 -0.0689534 2.12315 22.8079 -0.296225 1.30803 -0.0136083 0.104041 -0.228796 
-77.1484 -171.639 -1911.7 -0.597773 -0.0733431 2.09818 22.7119 -0.32022 1.30649 -0.011897 0.103588 -0.232488 
-78.2968 -169.703 -1911.41 -0.597005 -0.0780525 2.0729 22.6222 -0.334637 1.30651 -0.0111306 0.102048 -0.237594 
-79.3899 -167.747 -1911.1 -0.596057 -0.0832001 2.04726 22.5389 -0.337842 1.30586 -0.0113591 0.0998621 -0.243053 
-80.428 -165.772 -1910.78 -0.595012 -0.0888033 2.0213 22.4621 -0.330591 1.30428 -0.0124354 0.0975544 -0.247867 
-81.4109 -163.779 -1910.45 -0.593932 -0.094797 1.9951 22.392 -0.315529 1.3022 -0.0140691 0.0954272 -0.25128 
-82.3411 -161.764 -1910.1 -0.591364 -0.0990347 1.96729 22.442 -0.289309 1.34756 0.00503316 0.138638 -0.255166 
-83.2193 -159.722 -1909.75 -0.587816 -0.100927 1.93755 22.4941 -0.252289 1.40903 0.00542296 0.155392 -0.257362 
-84.0425 -157.652 -1909.39 -0.584331 -0.102081 1.9073 22.5487 -0.211718 1.44741 0.00284735 0.156639 -0.256176 
-84.8086 -155.554 -1909.03 -0.581113 -0.10313 1.8774 22.6051 -0.175448 1.46161 0.000356265 0.153101 -0.2517 
-85.5163 -153.43 -1908.66 -0.578138 -0.104055 1.84815 22.6623 -0.149716 1.46284 -0.00113666 0.150367 -0.244817 
-86.1649 -151.282 -1908.3 -0.575301 -0.104622 1.81964 22.7195 -0.137986 1.46073 -0.00133203 0.149767 -0.236815 
-86.754 -149.111 -1907.93 -0.572481 -0.104656 1.79178 22.7763 -0.140552 1.45986 -0.000292752 0.15067 -0.229059 
-87.2826 -146.921 -1907.56 -0.570001 -0.104615 1.76436 22.7733 -0.146052 1.45461 -0.00562271 0.145429 -0.229134 
-87.7501 -144.718 -1907.2 -0.567755 -0.104812 1.73714 22.7705 -0.14967 1.44812 -0.00612813 0.143367 -0.229243 
-88.1567 -142.504 -1906.83 -0.565519 -0.105049 1.70996 22.7677 -0.150951 1.4446 -0.00609758 0.143047 -0.229515 
-88.5041 -140.264 -1906.46 -0.565741 -0.107288 1.68477 23.0683 -0.170267 1.38373 -0.0402212 0.0944779 -0.216994 
-88.7948 -137.988 -1906.08 -0.567448 -0.111329 1.6622 23.3672 -0.212124 1.30795 -0.0412634 0.0832228 -0.20567 
-89.0303 -135.676 -1905.7 -0.568898 -0.114869 1.64035 23.6627 -0.266796 1.26863 -0.0367967 0.0926449 -0.199243 
-89.2109 -133.332 -1905.3 -0.569755 -0.117143 1.61811 23.955 -0.321492 1.26375 -0.0320042 0.107285 -0.198362 
-89.3355 -130.957 -1904.89 -0.570047 -0.118351 1.59497 24.2447 -0.364138 1.2754 -0.0285132 0.119677 -0.202151 
-89.4024 -128.563 -1904.48 -0.567207 -0.119499 1.57067 24.3 -0.369636 1.28588 0.0133713 0.120519 -0.217835 
-89.4106 -126.162 -1904.06 -0.562612 -0.121441 1.54496 24.3572 -0.330328 1.29039 0.0144887 0.119903 -0.233355 
-89.3599 -123.758 -1903.63 -0.55816 -0.123978 1.51818 24.4157 -0.258712 1.29166 0.00854898 0.119747 -0.242558 
-89.2501 -121.35 -1903.21 -0.554252 -0.126653 1.49093 24.4746 -0.174524 1.29244 0.00154421 0.120374 -0.243483 
-89.0808 -118.939 -1902.78 -0.550956 -0.12899 1.46388 24.5337 -0.0981202 1.29384 -0.00427292 0.121486 -0.236553 
-88.852 -116.529 -1902.35 -0.548173 -0.130622 1.43762 24.5927 -0.0455932 1.29583 -0.00761581 0.122743 -0.223972 
-88.5633 -114.119 -1901.92 -0.545694 -0.131346 1.4125 24.6517 -0.0255677 1.29805 -0.0079771 0.123957 -0.208972 
-88.2148 -111.711 -1901.48 -0.543262 -0.131145 1.38858 24.7105 -0.0381005 1.30024 -0.00560555 0.125076 -0.194946 
-87.8079 -109.312 -1901.05 -0.538883 -0.128257 1.36453 24.6475 -0.0731224 1.34972 0.0229644 0.164494 -0.185466 
-87.3425 -106.93 -1900.61 -0.533076 -0.122891 1.33981 24.5822 -0.11599 1.40816 0.0301359 0.174512 -0.182307 
-86.8176 -104.565 -1900.19 -0.52691 -0.117219 1.31514 24.5155 -0.154488 1.43755 0.0337746 0.169768 -0.183616 
-86.2333 -102.219 -1899.78 -0.520619 -0.112138 1.29061 24.4469 -0.18014 1.44309 0.0356736 0.162059 -0.187948 
-85.5908 -99.8943 -1899.38 -0.514328 -0.107763 1.26603 24.3755 -0.188769 1.43885 0.0359516 0.156142 -0.193543 
-84.8918 -97.5914 -1898.99 -0.508162 -0.103922 1.24124 24.3012 -0.180686 1.43379 0.0348201 0.152352 -0.198647 
-84.1364 -95.3082 -1898.61 -0.505614 -0.100493 1.21676 24.3122 -0.179688 1.42269 -0.0167853 0.145096 -0.192699 
-83.3241 -93.0423 -1898.23 -0.505307 -0.0970242 1.19317 24.3196 -0.1984 1.41221 -0.0212291 0.143553 -0.184723 
-82.4561 -90.7952 -1897.87 -0.505144 -0.0932365 1.1702 24.3233 -0.231819 1.40777 -0.0187927 0.144311 -0.17953 
-81.5334 -88.5685 -1897.51 -0.504784 -0.0892015 1.14747 24.3235 -0.27073 1.40756 -0.0154243 0.145232 -0.178236 
-80.5568 -86.3637 -1897.17 -0.504192 -0.0851278 1.12467 24.3203 -0.305706 1.40878 -0.0125769 0.145585 -0.180623 
-79.5272 -84.1824 -1896.83 -0.503433 -0.081216 1.10154 24.314 -0.329462 1.40988 -0.0108868 0.145418 -0.185638 
-78.4453 -82.0261 -1896.49 -0.502623 -0.0775895 1.07793 24.3046 -0.338247 1.41041 -0.0105776 0.144981 -0.191785 
-77.3122 -79.8963 -1896.17 -0.501891 -0.0742795 1.05383 24.2922 -0.332219 1.4105 -0.0115228 0.144458 -0.197522 
-76.1285 -77.7944 -1895.85 -0.501347 -0.0712411 1.02931 24.2768 -0.314878 1.41035 -0.0133301 0.143926 -0.201625 
-74.8925 -75.7172 -1895.55 -0.500953 -0.0675894 1.00364 24.3706 -0.276622 1.43182 -0.0153302 0.163992 -0.211769 
-73.6009 -73.6617 -1895.25 -0.500953 -0.0630858 0.976642 24.4589 -0.220995 1.45929 -0.0200988 0.172197 -0.21666 
-72.2531 -71.6304 -1894.96 -0.50155 -0.0582902 0.949264 24.5418 -0.162907 1.47542 -0.0249418 0.173938 -0.215637 
-70.8492 -69.6258 -1894.69 -0.502726 -0.0532852 0.922179 24.6187 -0.116111 1.48124 -0.0285179 0.174094 -0.209593 
-69.3895 -67.6505 -1894.43 -0.504338 -0.047913 0.895757 24.6893 -0.0900911 1.48237 -0.0300976 0.174793 -0.200511 
-67.8748 -65.7065 -1894.18 -0.506183 -0.0420269 0.870119 24.7534 -0.0883322 1.48271 -0.0295449 0.17625 -0.190859 
-66.3061 -63.796 -1893.95 -0.508065 -0.0356091 0.845179 24.811 -0.108222 1.4836 -0.0272534 0.178033 -0.182948 
-64.6846 -61.9213 -1893.74 -0.509842 -0.0287739 0.820699 24.8619 -0.142415 1.48501 -0.0239775 0.179755 -0.178404 
-63.0114 -60.0842 -1893.54 -0.511454 -0.021715 0.796356 24.9061 -0.181164 1.48655 -0.0206064 0.181248 -0.177871 
-61.288 -58.2868 -1893.35 -0.512927 -0.0146408 0.771821 24.9437 -0.214952 1.48794 -0.0179355 0.182491 -0.180978 
-59.5242 -56.5387 -1893.18 -0.514822 -0.00848218 0.74714 24.747 -0.236491 1.47533 -0.0235914 0.168446 -0.188394 
-57.7305 -54.8489 -1893.03 -0.517082 -0.00370133 0.72233 24.5483 -0.244777 1.45744 -0.0244931 0.16035 -0.196032 
-55.9094 -53.2174 -1892.89 -0.51954 0.000118968 0.69717 24.3478 -0.241181 1.44453 -0.0256361 0.155617 -0.203033 
-54.063 -51.6446 -1892.76 -0.522227 0.00320099 0.67166 24.1466 -0.22938 1.43657 -0.0272859 0.151755 -0.208542 
-52.1934 -50.1307 -1892.63 -0.525161 0.00564088 0.645942 23.9453 -0.214244 1.43091 -0.0290836 0.147644 -0.212167 
-50.3023 -48.676 -1892.51 -0.528321 0.00749243 0.620199 23.7447 -0.200551 1.4256 -0.0306376 0.143124 -0.21401 
-48.3913 -47.2808 -1892.4 -0.531651 0.00880123 0.594587 23.5455 -0.19195 1.41993 -0.031668 0.13838 -0.214561 
-46.4622 -45.9451 -1892.29 -0.535077 0.0096027 0.569197 23.3483 -0.190369 1.41391 -0.0320558 0.133601 -0.214512 
-44.5166 -44.6689 -1892.18 -0.538523 0.00991055 0.544051 23.154 -0.195917 1.40774 -0.0318415 0.12888 -0.214579 
-42.5556 -43.452 -1892.07 -0.539598 0.0108956 0.51849 22.9677 -0.204092 1.42821 0.00446822 0.147535 -0.214899 
-40.5801 -42.2945 -1891.97 -0.53913 0.0126545 0.492215 22.7832 -0.209101 1.45595 0.00944332 0.150475 -0.218045 
-38.5913 -41.1972 -1891.86 -0.53852 0.0140904 0.465751 22.6014 -0.209746 1.46957 0.00957012 0.144935 -0.221431 
-36.5903 -40.1604 -1891.76 -0.537983 0.0147707 0.439374 22.4225 -0.206915 1.46991 0.00874716 0.137108 -0.224398 
-34.579 -39.1838 -1891.65 -0.537547 0.0146733 0.413161 22.2467 -0.202171 1.46369 0.00770474 0.12993 -0.226702 
-32.559 -38.2669 -1891.55 -0.537202 0.0139235 0.387115 22.0742 -0.197194 1.45608 0.00668932 0.123987 -0.228305 
-30.5318 -37.409 -1891.44 -0.536922 0.0126458 0.361239 21.9053 -0.193413 1.44932 0.00583251 0.118908 -0.229319 
-28.4989 -36.6096 -1891.33 -0.536676 0.0109171 0.335541 21.7406 -0.191778 1.44376 0.00520147 0.114223 -0.229945 
-26.4409 -35.8611 -1891.22 -0.540582 0.00758491 0.310773 22.0209 -0.197945 1.40458 -0.0596276 0.0869101 -0.228163 
-24.3384 -35.157 -1891.11 -0.547285 0.00304675 0.287145 22.2994 -0.214414 1.35668 -0.0687265 0.0830967 -0.223246 
-22.193 -34.4978 -1890.98 -0.554191 -0.0011112 0.263723 22.5749 -0.239126 1.33116 -0.0684267 0.0924684 -0.219812 
-20.0061 -33.8847 -1890.85 -0.56088 -0.00430677 0.239891 22.8477 -0.266872 1.32764 -0.0666394 0.105568 -0.218882 
-17.7786 -33.3198 -1890.71 -0.567324 -0.00659958 0.21537 23.1178 -0.291887 1.33562 -0.0650617 0.117522 -0.220416 
-15.5116 -32.8057 -1890.56 -0.573594 -0.00827298 0.190067 23.3851 -0.309335 1.34628 -0.064262 0.127254 -0.223796 
-13.2063 -32.3451 -1890.41 -0.579787 -0.00957323 0.163963 23.6493 -0.31636 1.3556 -0.0644395 0.13543 -0.228062 
-10.8639 -31.9407 -1890.26 -0.586007 -0.0106203 0.137083 23.9097 -0.3126 1.36303 -0.0655413 0.142937 -0.232148 
-8.508 -31.5979 -1890.1 -0.586415 -0.0101685 0.109394 23.7269 -0.310939 1.39876 0.0233428 0.166885 -0.226217 
-6.16152 -31.3209 -1889.94 -0.583054 -0.00852101 0.0811688 23.5464 -0.311079 1.4368 0.0348209 0.169627 -0.226558 
-3.82585 -31.1104 -1889.79 -0.579279 -0.00707532 0.0530494 23.369 -0.309682 1.45344 0.0357861 0.16247 -0.227612 
-1.50262 -30.9657 -1889.63 -0.57554 -0.0062922 0.0253166 23.1948 -0.30697 1.45335 0.0352205 0.153496 -0.228512 
0.807115 -30.8856 -1889.48 -0.57356 -0.00799027 -0.00180918 23.0375 -0.282122 1.41306 0.00763329 0.116812 -0.244162 
3.10223 -30.8671 -1889.33 -0.573002 -0.0124537 -0.028605 22.8845 -0.235911 1.36346 -0.000964461 0.101686 -0.253514 
5.38129 -30.9074 -1889.17 -0.572993 -0.0179635 -0.0554952 22.7352 -0.182005 1.33366 -0.00678485 0.0983652 -0.257166 
7.64317 -31.0047 -1889 -0.57335 -0.0236298 -0.0824111 22.5907 -0.132767 1.32235 -0.0113198 0.0983624 -0.255728 
9.88695 -31.1577 -1888.82 -0.573942 -0.0291373 -0.109028 22.4518 -0.0975627 1.3202 -0.0142745 0.0976689 -0.250552 

