0 -100 -1800 0 0 0 15 0 0 0 0 0 
1.51249 -100 -1799.96 -0.000846861 0.00531523 -6.92391e-05 15.2486 0.000377244 0.822483 -0.0141103 0.0790521 -0.00110451 
3.05133 -100 -1799.86 -0.00250871 0.011917 -0.000207947 15.5133 -0.000894914 1.30846 -0.0182855 0.0406129 -0.00140829 
4.61865 -100 -1799.74 -0.00441495 0.01211 -0.00035751 15.8037 -0.00435529 1.5069 -0.0195577 -0.0386462 -0.00160756 
6.21574 -100.001 -1799.6 -0.00639543 0.00445077 -0.00049231 16.1151 -0.0093954 1.51861 -0.0199533 -0.110903 -0.00198262 
7.86272 -100.002 -1799.45 -0.00796875 -0.00920486 -0.000521343 16.8295 -0.0167094 1.43102 -0.0129918 -0.15591 -0.000786713 
9.57836 -100.004 -1799.28 -0.00915391 -0.0254879 -0.000441022 17.5339 -0.0254687 1.31907 -0.011067 -0.164091 -0.000528078 
11.3612 -100.006 -1799.1 -0.0102276 -0.0410947 -0.000358957 18.2255 -0.0345344 1.23654 -0.0104596 -0.144575 -0.000961207 
13.2098 -100.009 -1798.89 -0.0112616 -0.0539465 -0.000364167 18.9044 -0.0427892 1.19968 -0.0102749 -0.111253 -0.00199007 
15.1233 -100.013 -1798.65 -0.0122811 -0.0632824 -0.000525689 19.5703 -0.0492059 1.20028 -0.0103495 -0.0757519 -0.00349122 
17.1006 -100.018 -1798.4 -0.0133061 -0.0692509 -0.000887387 20.2223 -0.0530015 1.22124 -0.0106773 -0.0444724 -0.00527595 
19.1408 -100.024 -1798.13 -0.0143597 -0.0723871 -0.00146547 20.859 -0.0538047 1.24772 -0.0112568 -0.0190064 -0.00710409 
21.243 -100.032 -1797.85 -0.0154664 -0.0732277 -0.00224938 21.4787 -0.0517702 1.27161 -0.0120509 0.00181409 -0.00872247 
23.3883 -100.04 -1797.57 -0.0132391 -0.0724949 -0.00293791 21.7284 -0.0483386 1.2906 0.0404429 0.0122188 -0.00598359 
25.5585 -100.05 -1797.28 -0.00861422 -0.0709168 -0.00356682 21.9746 -0.0398675 1.30362 0.0486588 0.0191268 -0.00628185 
27.7536 -100.061 -1797 -0.00363902 -0.0687161 -0.00420994 22.2164 -0.0261713 1.31103 0.0495235 0.0249161 -0.00610777 
29.9731 -100.073 -1796.71 0.00133581 -0.0659346 -0.00476499 22.4528 -0.00983601 1.3156 0.0491675 0.0307814 -0.00467969 
32.2168 -100.085 -1796.44 0.00625268 -0.0625484 -0.00509254 22.6832 0.00597756 1.31955 0.0487821 0.0369629 -0.00190895 
34.4842 -100.096 -1796.17 0.011123 -0.058537 -0.00506263 22.907 0.0184488 1.3239 0.0487295 0.0432692 0.00195109 
36.7746 -100.107 -1795.91 0.0159862 -0.0539052 -0.00458254 23.1236 0.0256933 1.32874 0.0491555 0.0494546 0.00643207 
39.0876 -100.116 -1795.65 0.0208942 -0.0486785 -0.00361242 23.3326 0.0270996 1.33383 0.0500714 0.0553713 0.0109731 
41.4224 -100.124 -1795.41 0.025898 -0.042891 -0.00216807 23.5334 0.0233671 1.33892 0.0513758 0.0609718 0.01505 
43.7782 -100.129 -1795.18 0.0310367 -0.0365772 -0.000311107 23.7257 0.0162523 1.34386 0.0528875 0.0662622 0.0182876 
46.1619 -100.13 -1794.97 0.0351217 -0.0283057 0.00173184 24.0599 0.0112645 1.3755 0.0358207 0.0977273 0.0173984 
48.58 -100.127 -1794.78 0.0385376 -0.0176747 0.0038667 24.3777 0.00928903 1.41519 0.0341934 0.114255 0.017444 
51.0311 -100.12 -1794.6 0.0419367 -0.00589265 0.00609309 24.6787 0.00995858 1.44101 0.0343716 0.122151 0.0175784 
53.5133 -100.107 -1794.46 0.0453869 0.00650684 0.00840825 24.9621 0.0129391 1.4537 0.0346022 0.127541 0.0179005 
56.0245 -100.089 -1794.35 0.0488859 0.0194389 0.0108409 25.2271 0.0174762 1.4603 0.0347324 0.133232 0.0185727 
58.5625 -100.063 -1794.27 0.052432 0.0329608 0.0134386 25.4731 0.0225455 1.46581 0.0348279 0.139555 0.0196727 
61.1249 -100.031 -1794.22 0.056034 0.0471068 0.0162511 25.6998 0.0271184 1.47187 0.0349723 0.145964 0.0211682 
63.7093 -99.9904 -1794.22 0.0597099 0.0618563 0.0193176 25.9071 0.0304215 1.47828 0.0352232 0.151985 0.0229347 
66.3074 -99.9421 -1794.25 0.0592332 0.0756872 0.0226745 25.9831 0.0184094 1.45521 -0.0271557 0.131235 0.0287721 
68.9113 -99.886 -1794.32 0.0565386 0.0882662 0.0266837 26.0448 -0.0166201 1.42606 -0.0306962 0.126592 0.0359014 
71.5192 -99.8225 -1794.42 0.0540508 0.100819 0.0311681 26.0918 -0.0648476 1.41308 -0.0272474 0.129568 0.0385024 
74.1223 -99.7517 -1794.56 0.0516215 0.115904 0.0355276 25.983 -0.105139 1.45938 -0.0292841 0.17019 0.031661 
76.7118 -99.674 -1794.74 0.0491809 0.133421 0.0391692 25.8598 -0.125526 1.51394 -0.0286847 0.179409 0.0226689 
79.2852 -99.5895 -1794.95 0.046667 0.151034 0.0418482 25.7233 -0.124358 1.53658 -0.0294182 0.173827 0.0136039 
81.8405 -99.4983 -1795.21 0.0500269 0.168302 0.04339 25.5762 -0.0820147 1.54317 0.0591311 0.17189 -0.00114692 
84.3794 -99.4004 -1795.51 0.0543275 0.186204 0.0442043 25.4925 -0.0230985 1.56034 0.0317859 0.184321 5.14498e-06 
86.9036 -99.2958 -1795.85 0.0574327 0.204738 0.0456231 25.3927 0.022163 1.57647 0.0259686 0.186045 0.00779108 
89.4136 -99.1838 -1796.23 0.060426 0.221572 0.0470628 25.3438 0.0740559 1.54699 0.0259917 0.155464 0.00136569 
91.9133 -99.0639 -1796.66 0.0602118 0.237206 0.047996 25.333 0.130661 1.52019 -0.0203949 0.158758 -7.90532e-05 
94.4033 -98.9365 -1797.12 0.057987 0.2533 0.049263 25.3056 0.172186 1.51525 -0.0283121 0.163758 0.00634096 
96.8816 -98.8023 -1797.63 0.0555985 0.269739 0.0513516 25.2629 0.189156 1.51747 -0.0297051 0.1663 0.0154543 
99.3461 -98.6616 -1798.18 0.0535034 0.286262 0.0543693 25.2057 0.180912 1.51868 -0.0284445 0.166546 0.024206 
101.795 -98.515 -1798.76 0.051892 0.30271 0.0581597 25.1342 0.153303 1.51706 -0.0256233 0.165678 0.0303479 
104.225 -98.3627 -1799.38 0.0507934 0.319034 0.0623897 25.0487 0.116017 1.51345 -0.0222188 0.164474 0.0326705 
106.636 -98.2048 -1800.04 0.0501018 0.335233 0.0666563 24.9494 0.0795186 1.50894 -0.0191508 0.163159 0.0311073 
109.026 -98.0415 -1800.74 0.0496246 0.351312 0.0705942 24.8367 0.0523229 1.50407 -0.0170958 0.161688 0.0265533 
111.377 -97.8741 -1801.47 0.0536646 0.367318 0.0745703 24.4014 0.0318306 1.50511 0.048446 0.160384 0.0293814 
113.676 -97.7037 -1802.21 0.0604779 0.382801 0.0785382 23.9546 0.0243764 1.50416 0.0559709 0.152149 0.0264353 
115.921 -97.5298 -1802.97 0.0674719 0.397272 0.0822269 23.4974 0.0319947 1.49575 0.0553516 0.140779 0.0233217 
118.111 -97.3519 -1803.75 0.0742566 0.410556 0.08569 23.031 0.0512303 1.48251 0.0529689 0.128716 0.021736 
120.248 -97.1698 -1804.54 0.0807956 0.422621 0.0891118 22.5563 0.0767449 1.46775 0.0500824 0.116751 0.0223644 
122.33 -96.9833 -1805.33 0.0871598 0.433464 0.0927218 22.0745 0.103129 1.4533 0.0472695 0.104838 0.0252626 
124.359 -96.7922 -1806.13 0.093466 0.443056 0.0967323 21.587 0.126089 1.43975 0.0448961 0.092732 0.0300387 
126.336 -96.5964 -1806.92 0.0998379 0.45135 0.101298 21.095 0.143058 1.42708 0.0431489 0.0802549 0.0360536 
128.261 -96.3956 -1807.71 0.106377 0.458289 0.106496 20.5999 0.153273 1.4152 0.0420519 0.0673292 0.0426134 
130.136 -96.1897 -1808.49 0.113148 0.463817 0.112331 20.1032 0.157472 1.40407 0.0415041 0.0539415 0.0491183 
131.98 -95.9764 -1809.26 0.116888 0.468426 0.118424 20.0414 0.158961 1.39519 -0.00785203 0.0504973 0.0494878 
133.813 -95.7531 -1810.05 0.118446 0.472741 0.12477 19.9766 0.155011 1.38819 -0.0160158 0.0486947 0.0528087 
135.636 -95.5199 -1810.83 0.11987 0.476872 0.131489 19.9089 0.145783 1.3836 -0.0164596 0.0475931 0.0559047 
137.447 -95.2767 -1811.63 0.121508 0.480859 0.138509 19.8387 0.133426 1.3807 -0.0153851 0.0465461 0.0580062 
139.248 -95.0234 -1812.42 0.123375 0.484703 0.145706 19.7661 0.120491 1.37856 -0.0140998 0.0452783 0.0589628 
141.037 -94.76 -1813.22 0.125412 0.48839 0.152955 19.6915 0.109288 1.37655 -0.0129912 0.0437526 0.0588963 
142.815 -94.4864 -1814.03 0.127542 0.491908 0.160151 19.615 0.101523 1.37441 -0.0122237 0.0420272 0.0580898 
144.581 -94.2025 -1814.83 0.129694 0.495247 0.167226 19.5368 0.0981161 1.3721 -0.0118578 0.0401696 0.0569087 
146.336 -93.9082 -1815.64 0.131814 0.4984 0.174158 19.4572 0.0991779 1.36969 -0.0118772 0.0382234 0.0557293 
148.059 -93.6075 -1816.44 0.133362 0.500432 0.181246 18.8934 0.0940912 1.36086 -0.021771 0.0186278 0.0622871 
149.73 -93.3044 -1817.22 0.134777 0.500471 0.188765 18.3451 0.0819213 1.34963 -0.0214569 -3.78028e-05 0.0681161 
151.352 -92.9989 -1817.96 0.136482 0.498631 0.196571 17.814 0.0665365 1.33956 -0.0191397 -0.0177814 0.0723697 
152.929 -92.6911 -1818.68 0.138465 0.495002 0.204478 17.3019 0.0516226 1.33201 -0.0166143 -0.0350153 0.0750323 
154.464 -92.3809 -1819.37 0.140621 0.489634 0.21231 16.8103 0.0400105 1.32707 -0.0143999 -0.0521054 0.0764001 
155.958 -92.0683 -1820.03 0.142832 0.482544 0.219929 16.3409 0.0334804 1.32441 -0.0126845 -0.0692538 0.0768995 
157.416 -91.753 -1820.66 0.144996 0.473733 0.22725 15.8953 0.032798 1.32365 -0.0115185 -0.0865208 0.0769858 
158.839 -91.4348 -1821.25 0.147036 0.463194 0.234237 15.4747 0.037881 1.32445 -0.0108699 -0.103879 0.0770752 
160.232 -91.1134 -1821.8 0.148906 0.450921 0.240902 15.0805 0.0480211 1.3266 -0.0106549 -0.121258 0.0775052 
161.597 -90.7882 -1822.33 0.151069 0.436069 0.247036 14.7459 0.0654968 1.31614 -0.00107803 -0.15455 0.0764361 
162.938 -90.4585 -1822.81 0.153339 0.418317 0.252509 14.4292 0.0896153 1.29891 0.000432871 -0.180105 0.0760477 
164.258 -90.1243 -1823.26 0.155351 0.398335 0.257546 14.1318 0.118009 1.28557 -0.000407121 -0.199787 0.0769997 
165.559 -89.7854 -1823.67 0.157067 0.376569 0.262383 13.8555 0.148171 1.27949 -0.00187807 -0.215856 0.0794541 
166.842 -89.4416 -1824.04 0.158531 0.353262 0.267224 13.6023 0.177808 1.28015 -0.00336215 -0.230086 0.0833468 
168.109 -89.0928 -1824.37 0.159805 0.328516 0.272231 13.3741 0.205004 1.28551 -0.0045821 -0.243555 0.0884868 
169.363 -88.7384 -1824.66 0.161585 0.302943 0.277774 13.1906 0.22635 1.3012 0.00412664 -0.245119 0.0972846 
170.606 -88.3778 -1824.9 0.163961 0.276872 0.284053 13.0403 0.24144 1.32208 0.00705928 -0.250493 0.105944 
171.841 -88.0102 -1825.11 0.166548 0.249964 0.290981 12.9233 0.250384 1.34101 0.00854674 -0.25867 0.114507 
173.069 -87.635 -1825.28 0.169224 0.222013 0.298489 12.8395 0.253407 1.35474 0.0099053 -0.268206 0.12279 
174.292 -87.2514 -1825.41 0.171945 0.192955 0.306515 12.7881 0.250909 1.36244 0.0114969 -0.277741 0.130569 
175.513 -86.8586 -1825.5 0.174687 0.162854 0.315001 12.7684 0.243451 1.36463 0.0133724 -0.286214 0.137635 
176.731 -86.456 -1825.55 0.177432 0.131862 0.323885 12.7795 0.231707 1.36233 0.0154792 -0.292905 0.14381 
177.944 -86.0449 -1825.56 0.179341 0.0997528 0.333011 12.6929 0.21615 1.35493 0.00410862 -0.306333 0.14863 
179.147 -85.6267 -1825.53 0.18038 0.06639 0.342311 12.6395 0.197444 1.34565 0.00206943 -0.316447 0.15299 
180.341 -85.2009 -1825.46 0.181092 0.0321098 0.351789 12.6194 0.176221 1.33543 0.00309077 -0.323457 0.156304 
181.528 -84.7669 -1825.34 0.181635 -0.00277254 0.361401 12.6325 0.153275 1.32452 0.00502739 -0.327621 0.158375 
182.71 -84.3241 -1825.18 0.182045 -0.0379636 0.371086 12.6785 0.129392 1.31281 0.00711081 -0.329146 0.159159 
183.889 -83.872 -1824.98 0.182317 -0.0731868 0.380782 12.7566 0.105295 1.30011 0.0090439 -0.32817 0.158679 
185.065 -83.4098 -1824.74 0.183005 -0.107626 0.390341 12.8654 0.086596 1.29352 0.0200429 -0.31471 0.153341 
186.241 -82.9367 -1824.45 0.184079 -0.140686 0.399549 13.0034 0.0750578 1.29149 0.0235008 -0.302216 0.146876 
187.417 -82.4518 -1824.12 0.185101 -0.172449 0.408321 13.1696 0.0704972 1.28933 0.0239893 -0.290531 0.140057 
188.596 -81.9543 -1823.74 0.185912 -0.202961 0.416648 13.362 0.0721567 1.28472 0.0231432 -0.279035 0.133366 
189.812 -81.4283 -1823.32 0.185652 -0.232428 0.424633 14.3368 0.0703901 1.25111 0.00842258 -0.268997 0.129004 
191.099 -80.8577 -1822.84 0.184207 -0.260084 0.432627 15.3092 0.0587106 1.19316 0.00253299 -0.243499 0.125119 
192.456 -80.2424 -1822.31 0.18208 -0.284413 0.440932 16.274 0.03831 1.14405 4.24356e-06 -0.203836 0.120658 
193.881 -79.5821 -1821.71 0.179475 -0.304264 0.449667 17.2274 0.0118152 1.12141 -0.00122482 -0.155861 0.114934 
195.347 -78.8884 -1821.07 0.178536 -0.318081 0.458845 17.5771 -0.00757547 1.1579 0.031009 -0.0887042 0.105378 
196.83 -78.1721 -1820.4 0.179161 -0.326236 0.467952 17.9338 -0.00975833 1.22949 0.037239 -0.0448789 0.0935483 
198.332 -77.4308 -1819.7 0.180124 -0.330896 0.476488 18.2965 0.0060431 1.29425 0.0365379 -0.0205847 0.0823155 
199.853 -76.6623 -1818.97 0.181091 -0.333623 0.4843 18.6632 0.0371022 1.3367 0.0335785 -0.00776542 0.0732348 
201.392 -75.8664 -1818.23 0.182136 -0.336959 0.491211 18.9608 0.078193 1.32869 0.0321408 -0.0319443 0.0677352 
202.947 -75.0443 -1817.47 0.183126 -0.34186 0.497411 19.2611 0.122996 1.2921 0.0288553 -0.0406303 0.0656378 
204.517 -74.1962 -1816.69 0.183777 -0.34693 0.503546 19.5621 0.164708 1.26004 0.0257061 -0.0362894 0.0669572 
206.122 -73.3107 -1815.89 0.184703 -0.349115 0.510944 20.3767 0.187518 1.27444 0.0399837 0.0176661 0.0777127 
207.785 -72.3747 -1815.06 0.185741 -0.346664 0.520414 21.1696 0.184193 1.3236 0.045059 0.0611954 0.0881034 
209.505 -71.3859 -1814.2 0.186709 -0.340725 0.531614 21.9394 0.156424 1.3775 0.0499683 0.0928343 0.0966654 
211.28 -70.3418 -1813.33 0.187886 -0.332257 0.544043 22.684 0.110416 1.42202 0.0558067 0.116251 0.101599 
213.111 -69.2401 -1812.46 0.189568 -0.321779 0.557132 23.4013 0.0564132 1.45583 0.0619057 0.13571 0.101743 
214.994 -68.0789 -1811.58 0.191939 -0.309451 0.570325 24.0892 0.0066825 1.48309 0.0672438 0.153812 0.097022 
216.928 -66.8565 -1810.71 0.195038 -0.295279 0.583164 24.7462 -0.0274067 1.50793 0.0709288 0.171359 0.0885646 
218.904 -65.5748 -1809.86 0.196056 -0.280519 0.594533 25.2509 -0.0269569 1.50523 0.0273684 0.163069 0.0691552 
220.915 -64.2372 -1809.03 0.195673 -0.265562 0.604178 25.7321 0.00742469 1.49434 0.0183611 0.168321 0.0557122 
222.959 -62.8444 -1808.23 0.194986 -0.249477 0.612892 26.1883 0.062769 1.49712 0.012412 0.180502 0.0482425 
225.033 -61.3972 -1807.46 0.193925 -0.232041 0.621392 26.6191 0.122607 1.51157 0.00708213 0.193346 0.0474388 
227.134 -59.8965 -1806.71 0.19246 -0.213461 0.630295 27.0242 0.170499 1.52991 0.0032733 0.204311 0.0524329 
229.261 -58.3428 -1806.01 0.190725 -0.194021 0.640021 27.4034 0.19464 1.54726 0.00177663 0.2134 0.0608678 
231.411 -56.7373 -1805.35 0.188973 -0.173901 0.650723 27.7561 0.191085 1.56237 0.00269854 0.22133 0.0696406 
233.564 -55.0936 -1804.75 0.185771 -0.154171 0.662842 27.6768 0.135138 1.56171 -0.016974 0.211505 0.0910313 
235.703 -53.4263 -1804.2 0.182416 -0.13549 0.676445 27.5797 0.0341795 1.553 -0.0097664 0.205683 0.103206 
237.824 -51.7375 -1803.7 0.180149 -0.117306 0.690455 27.4643 -0.0761466 1.54685 -0.000456226 0.202344 0.102574 
239.925 -50.0294 -1803.25 0.179033 -0.0992829 0.703722 27.3313 -0.162521 1.54379 0.00622985 0.199361 0.0911772 
242.004 -48.304 -1802.86 0.178756 -0.0813071 0.715434 27.1817 -0.203968 1.54156 0.00865531 0.195802 0.0739411 
244.058 -46.5634 -1802.52 0.178846 -0.0633982 0.725309 27.0162 -0.195811 1.53869 0.00681749 0.191607 0.056641 
246.086 -44.8099 -1802.22 0.178848 -0.0456548 0.733593 26.8355 -0.148089 1.53489 0.0019297 0.186972 0.0440948 
248.086 -43.0458 -1801.97 0.178468 -0.0282231 0.7409 26.6397 -0.0800483 1.53038 -0.00415238 0.182019 0.0389788 
250.063 -41.2673 -1801.77 0.177874 -0.0122282 0.747319 26.6066 0.00374284 1.50016 -0.00691749 0.158969 0.032158 
252.022 -39.471 -1801.61 0.176823 0.00243484 0.753264 26.5584 0.0871825 1.46885 -0.0134203 0.152647 0.0345887 
253.962 -37.6595 -1801.49 0.175297 0.0167864 0.759782 26.4954 0.148137 1.45546 -0.0178881 0.153196 0.0444149 
255.881 -35.8346 -1801.41 0.173606 0.031037 0.767475 26.4185 0.173877 1.45354 -0.0190826 0.153951 0.0578463 
257.779 -33.9984 -1801.36 0.172115 0.0450623 0.776476 26.3285 0.163193 1.45437 -0.0171586 0.153035 0.0707204 
259.655 -32.1522 -1801.35 0.171112 0.0587498 0.786538 26.2257 0.124857 1.45397 -0.0131126 0.150862 0.0797125 
261.507 -30.2977 -1801.38 0.170735 0.0720924 0.797174 26.1102 0.0735848 1.45189 -0.00834532 0.148147 0.0830915 
263.334 -28.4361 -1801.44 0.170954 0.0851485 0.807823 25.9823 0.0250921 1.44884 -0.00421446 0.145239 0.0809111 
265.141 -26.5603 -1801.54 0.16936 0.0993179 0.817725 26.0735 0.00248316 1.46883 -0.03541 0.165144 0.0660709 
266.937 -24.6634 -1801.67 0.16645 0.115048 0.826506 26.1485 0.00947268 1.49414 -0.0407091 0.172611 0.053916 
268.718 -22.747 -1801.85 0.16314 0.131351 0.834257 26.2075 0.0385044 1.50723 -0.0445568 0.173728 0.0450321 
270.484 -20.8135 -1802.06 0.15946 0.147804 0.841304 26.2504 0.0783329 1.51051 -0.0486341 0.173487 0.0406478 
272.233 -18.8651 -1802.32 0.155467 0.16431 0.848096 26.2768 0.116565 1.50998 -0.0521672 0.173699 0.0408099 
273.963 -16.9044 -1802.62 0.15132 0.180858 0.855047 26.287 0.143054 1.50898 -0.0543938 0.17433 0.0443848 
275.675 -14.9336 -1802.97 0.147224 0.197431 0.862414 26.2811 0.152306 1.50819 -0.0549768 0.174933 0.049518 
277.365 -12.9551 -1803.36 0.143364 0.214006 0.870259 26.2595 0.144266 1.50727 -0.0540548 0.175245 0.0542394 
279.035 -10.9711 -1803.79 0.139858 0.230569 0.878461 26.2223 0.123497 1.50586 -0.0521349 0.175212 0.0570104 
280.676 -8.99088 -1804.26 0.137309 0.246753 0.887265 25.9844 0.0815908 1.50014 -0.0420899 0.16898 0.0666692 
282.283 -7.02334 -1804.77 0.135772 0.262259 0.896642 25.7333 0.0262131 1.49148 -0.0360874 0.163014 0.0698885 
283.854 -5.07006 -1805.31 0.134902 0.277199 0.905975 25.4694 -0.0257592 1.4825 -0.0312927 0.157342 0.0671865 
285.39 -3.13244 -1805.88 0.134401 0.291651 0.91474 25.1934 -0.061695 1.4739 -0.0282267 0.151625 0.0602537 
286.89 -1.2118 -1806.48 0.133964 0.305634 0.92262 24.9061 -0.0754095 1.46549 -0.0272042 0.145621 0.0514966 
288.351 0.687472 -1807.1 0.136144 0.320879 0.929928 24.5224 -0.0649322 1.49488 0.0119731 0.170436 0.0445808 
289.771 2.56083 -1807.75 0.139706 0.337377 0.936716 24.1268 -0.031692 1.52893 0.0135958 0.170998 0.0378505 
291.147 4.40684 -1808.41 0.143034 0.353291 0.943005 23.721 0.014624 1.53876 0.0101441 0.159784 0.0352601 
292.48 6.22431 -1809.1 0.146028 0.367907 0.949156 23.3052 0.0623273 1.53009 0.00639095 0.146101 0.0372644 
293.77 8.01243 -1809.8 0.148874 0.381134 0.955601 22.8799 0.101874 1.5142 0.00356479 0.133438 0.0430321 
295.017 9.77064 -1810.52 0.151819 0.39305 0.962678 22.4461 0.127584 1.49784 0.00211797 0.121973 0.0511118 
296.221 11.4986 -1811.24 0.155077 0.40371 0.970562 22.0049 0.137947 1.48317 0.00208013 0.110948 0.059917 
297.384 13.1963 -1811.97 0.158787 0.413117 0.979255 21.5576 0.134949 1.4701 0.0031866 0.0997493 0.0680932 
298.505 14.8621 -1812.7 0.162917 0.419086 0.988157 21.0683 0.125392 1.41781 0.00681681 0.0486365 0.0732529 
299.584 16.4955 -1813.43 0.167258 0.421135 0.996877 20.5793 0.114707 1.35473 0.00870749 0.0211135 0.0768597 
300.624 18.0978 -1814.14 0.17175 0.421136 1.00556 20.0912 0.106234 1.31286 0.010014 0.00699569 0.0792483 
301.627 19.6704 -1814.83 0.17634 0.419947 1.01424 19.6062 0.102211 1.29269 0.0108234 -0.00276522 0.0808474 
302.593 21.2143 -1815.5 0.180952 0.417741 1.02287 19.1267 0.103705 1.28554 0.0111408 -0.0128916 0.0821396 
303.532 22.7426 -1816.15 0.184629 0.415234 1.03151 18.9603 0.109184 1.2925 -0.00364714 -0.00863668 0.0826674 
304.451 24.2678 -1816.79 0.187614 0.412825 1.0403 18.7983 0.115553 1.30356 -0.0065994 -0.00969103 0.0844765 
305.35 25.7902 -1817.42 0.190489 0.410062 1.04923 18.6412 0.121779 1.31102 -0.00717525 -0.0142219 0.0867685 
306.229 27.3103 -1818.04 0.193366 0.406696 1.05829 18.4894 0.127399 1.3137 -0.00720333 -0.0202631 0.0893332 
307.088 28.8284 -1818.64 0.19627 0.402643 1.06747 18.3432 0.132186 1.31304 -0.00704367 -0.0265371 0.0920655 
307.922 30.3327 -1819.23 0.200874 0.397203 1.07689 17.8969 0.1349 1.30564 0.0192177 -0.0455318 0.0989174 
308.724 31.8118 -1819.79 0.20682 0.389855 1.08646 17.4616 0.138998 1.29687 0.0249311 -0.0622934 0.103741 
309.499 33.275 -1820.32 0.213196 0.380678 1.09605 17.2341 0.145139 1.28414 0.0294252 -0.0792822 0.108258 
310.254 34.7315 -1820.83 0.219726 0.369934 1.10566 17.0174 0.152886 1.27029 0.0304538 -0.0914988 0.112555 
310.991 36.1903 -1821.31 0.223533 0.359388 1.1154 17.0005 0.162444 1.27859 -0.0135531 -0.0754143 0.112327 
311.709 37.6464 -1821.78 0.224811 0.349948 1.12537 16.6632 0.174358 1.30658 -0.026986 -0.0691668 0.112375 
312.401 39.0865 -1822.21 0.225314 0.340523 1.13541 16.3389 0.188452 1.33743 -0.0301906 -0.0739078 0.114077 
313.067 40.5112 -1822.61 0.225551 0.330212 1.14544 16.0287 0.202878 1.35971 -0.0309107 -0.0855614 0.116767 
313.708 41.9212 -1822.99 0.225641 0.318515 1.15543 15.7335 0.216395 1.37205 -0.0308934 -0.100396 0.120191 
314.326 43.3174 -1823.34 0.225626 0.305238 1.16539 15.4542 0.228136 1.3771 -0.030532 -0.115959 0.12416 
314.92 44.7008 -1823.65 0.225533 0.290371 1.17538 15.1919 0.237548 1.37819 -0.0299175 -0.131003 0.128485 
315.493 46.0725 -1823.94 0.2254 0.273435 1.18547 14.9559 0.240587 1.36975 -0.028774 -0.154852 0.136158 
316.045 47.4343 -1824.19 0.225302 0.254281 1.19578 14.7458 0.237057 1.3563 -0.0268721 -0.17324 0.143229 
316.576 48.7857 -1824.41 0.226141 0.233874 1.20648 14.5071 0.229406 1.35298 -0.0109207 -0.178225 0.150143 
317.088 50.1256 -1824.6 0.227844 0.212771 1.21757 14.2909 0.220614 1.35938 -0.00495754 -0.184694 0.155258 
317.58 51.4555 -1824.75 0.229772 0.190824 1.22884 14.0987 0.212212 1.3687 -0.00193974 -0.192959 0.159247 
318.054 52.7767 -1824.86 0.231704 0.167906 1.24016 13.9315 0.205093 1.37704 6.2779e-05 -0.202437 0.162406 
318.51 54.0906 -1824.94 0.233543 0.143953 1.25145 13.7902 0.199705 1.38271 0.00158101 -0.212297 0.164931 
318.949 55.4023 -1824.98 0.234859 0.118616 1.26265 13.7532 0.192827 1.37803 -0.00336955 -0.228326 0.168727 
319.373 56.7169 -1824.99 0.235659 0.0918486 1.27383 13.7423 0.183034 1.3647 -0.00374132 -0.239623 0.172165 
319.784 58.0356 -1824.96 0.236205 0.0641346 1.28505 13.7576 0.170605 1.34909 -0.00272554 -0.246251 0.174883 
320.181 59.36 -1824.9 0.236566 0.0359162 1.29636 13.799 0.155973 1.33454 -0.00133906 -0.248936 0.176726 
320.565 60.6914 -1824.79 0.236751 0.00755795 1.30776 13.8665 0.139625 1.32222 7.45274e-05 -0.248541 0.177624 
320.937 62.0312 -1824.65 0.236749 -0.0206534 1.31923 13.9599 0.122074 1.31208 0.00138304 -0.245799 0.177545 
321.295 63.3807 -1824.48 0.236548 -0.0484915 1.33074 14.0787 0.103846 1.30352 0.00252197 -0.241227 0.17649 
321.642 64.7415 -1824.26 0.236133 -0.0757701 1.34225 14.2224 0.0854723 1.2959 0.00344973 -0.235139 0.174484 
321.977 66.1149 -1824.01 0.235494 -0.102327 1.35372 14.3901 0.0674763 1.28874 0.00413434 -0.227702 0.17158 
322.299 67.5011 -1823.71 0.235683 -0.128402 1.36504 14.555 0.0518179 1.27668 0.0221969 -0.226291 0.168432 
322.608 68.8998 -1823.38 0.236673 -0.154071 1.37606 14.7376 0.0405847 1.26149 0.0275101 -0.221211 0.163693 
322.905 70.3117 -1823.02 0.237729 -0.178983 1.38676 14.9363 0.0342364 1.24704 0.0287019 -0.21305 0.158413 
323.189 71.7377 -1822.61 0.238614 -0.20287 1.39718 15.1499 0.032475 1.23519 0.0283948 -0.202639 0.153113 
323.461 73.1782 -1822.17 0.23924 -0.225555 1.40738 15.3768 0.0345375 1.22641 0.027443 -0.190792 0.148123 
323.719 74.632 -1821.69 0.238787 -0.245749 1.41755 15.571 0.0427324 1.23981 0.0134592 -0.156319 0.140054 
323.962 76.0979 -1821.18 0.237234 -0.262883 1.4278 15.778 0.0556142 1.26853 0.00774252 -0.131459 0.133798 
324.192 77.5775 -1820.63 0.235084 -0.277868 1.43807 15.9969 0.0705803 1.29614 0.00433294 -0.114741 0.128988 
324.406 79.0723 -1820.05 0.232499 -0.291386 1.44833 16.2261 0.0852606 1.31559 0.00172789 -0.103233 0.125488 
324.606 80.5835 -1819.45 0.229546 -0.303826 1.45862 16.4639 0.0975353 1.32616 -0.000379523 -0.0941149 0.123122 
324.79 82.1121 -1818.82 0.226259 -0.315337 1.469 16.7087 0.105688 1.3303 -0.0020031 -0.0854186 0.121622 
324.959 83.6588 -1818.16 0.222675 -0.325915 1.47954 16.959 0.108568 1.33123 -0.00311588 -0.0761558 0.120635 
325.113 85.2244 -1817.48 0.218836 -0.335493 1.4903 17.2137 0.105713 1.33156 -0.00372298 -0.0660944 0.119762 
325.251 86.8095 -1816.78 0.214799 -0.343996 1.50126 17.4716 0.0973974 1.33283 -0.00388132 -0.0554315 0.118608 
325.373 88.4146 -1816.06 0.210626 -0.351367 1.51238 17.7317 0.0846034 1.3356 -0.00369938 -0.0445108 0.116828 
325.479 90.0405 -1815.31 0.207581 -0.35946 1.52295 17.9958 0.0759032 1.30641 0.0122694 -0.0697592 0.110163 
325.569 91.6868 -1814.55 0.205612 -0.36898 1.53244 18.262 0.0756275 1.25925 0.0149474 -0.0775058 0.102482 
325.643 93.3529 -1813.76 0.20389 -0.378394 1.54118 18.5289 0.0837406 1.22208 0.0141155 -0.0721324 0.0952437 
325.701 95.0383 -1812.95 0.202118 -0.386754 1.54946 18.7963 0.0986794 1.20308 0.0121572 -0.0600211 0.0891871 
325.744 96.7523 -1812.12 0.198339 -0.393887 1.5578 19.2674 0.10535 1.19313 -0.0169253 -0.0482519 0.0911825 
325.773 98.5231 -1811.25 0.194273 -0.398147 1.56677 20.1296 0.106439 1.20931 3.60827e-05 -0.00375508 0.0872802 
325.784 100.37 -1810.34 0.190798 -0.398204 1.57613 20.9718 0.106883 1.24724 0.00215096 0.0343001 0.0821914 
325.778 102.293 -1809.39 0.187318 -0.394786 1.58562 21.7918 0.108416 1.28966 0.00142585 0.0645539 0.0769676 
325.752 104.294 -1808.42 0.183788 -0.388582 1.59507 22.5875 0.111872 1.32751 0.000153066 0.0888769 0.0719533 
325.705 106.371 -1807.44 0.179471 -0.381176 1.60496 23.3182 0.094248 1.33969 -0.00871978 0.0913582 0.0814772 
325.637 108.522 -1806.44 0.174669 -0.373191 1.61582 24.0248 0.0485979 1.34012 -0.00657919 0.102752 0.0884502 
325.545 110.745 -1805.44 0.170077 -0.363794 1.62734 24.7052 -0.0142861 1.34835 -0.00208351 0.119798 0.0900933 
325.429 113.035 -1804.44 0.170047 -0.350664 1.63935 25.2348 -0.0709309 1.40876 0.0648795 0.172072 0.0848281 
325.287 115.384 -1803.45 0.173276 -0.333634 1.65094 25.7413 -0.0974311 1.4825 0.0745563 0.19704 0.071661 
325.117 117.795 -1802.49 0.177437 -0.31481 1.6614 26.2247 -0.0869818 1.52914 0.0745932 0.206882 0.0582436 
324.915 120.265 -1801.55 0.181932 -0.29509 1.6708 26.6835 -0.0453786 1.55211 0.0714675 0.213239 0.0486488 
324.68 122.793 -1800.65 0.186368 -0.274615 1.67969 27.1161 0.013198 1.56565 0.0672076 0.2209 0.0452873 
324.411 125.376 -1799.78 0.190517 -0.253349 1.68879 27.5213 0.0708448 1.57866 0.0634545 0.229924 0.0486222 
324.109 127.996 -1798.97 0.188347 -0.23458 1.69729 27.587 0.122659 1.52206 -0.0325882 0.177614 0.0459293 
323.777 130.632 -1798.2 0.182526 -0.218907 1.70549 27.6359 0.151604 1.45588 -0.0433373 0.164768 0.0541175 
323.416 133.281 -1797.48 0.176272 -0.203597 1.71446 27.6672 0.149032 1.43057 -0.0434549 0.168874 0.063547 
323.03 135.94 -1796.8 0.17015 -0.187848 1.72423 27.682 0.119508 1.43198 -0.0406994 0.173942 0.0703197 
322.618 138.606 -1796.17 0.16445 -0.171785 1.73438 27.6812 0.0751713 1.43981 -0.0369205 0.175534 0.0723358 
322.178 141.299 -1795.57 0.163056 -0.15492 1.74419 28.0994 0.0487044 1.45426 0.0202461 0.188366 0.0617608 
321.705 144.037 -1795.02 0.164106 -0.136698 1.7528 28.4884 0.0612997 1.47162 0.0234224 0.198517 0.047372 
321.199 146.817 -1794.51 0.165316 -0.11739 1.7603 28.848 0.107253 1.4865 0.0193634 0.206574 0.0371551 
320.659 149.635 -1794.05 0.166241 -0.0972396 1.76726 29.1782 0.168739 1.49864 0.0140582 0.213619 0.0339594 
320.087 152.486 -1793.64 0.166799 -0.076435 1.77437 29.4791 0.224638 1.50918 0.00970639 0.220123 0.037814 
319.481 155.369 -1793.29 0.167128 -0.0551245 1.78222 29.7508 0.258071 1.51878 0.00762714 0.22612 0.0464372 
318.843 158.277 -1793.01 0.167507 -0.0334117 1.79111 29.9938 0.261714 1.52751 0.00819426 0.231552 0.0562649 
318.173 161.208 -1792.78 0.168226 -0.0113458 1.80097 30.2084 0.239261 1.53528 0.010836 0.236411 0.0638148 
317.47 164.155 -1792.63 0.169483 0.0110713 1.81147 30.3947 0.202844 1.54202 0.0143464 0.240723 0.066885 
316.735 167.116 -1792.54 0.171317 0.0338606 1.82213 30.5532 0.167721 1.54771 0.0173872 0.244511 0.0651647 
315.972 170.068 -1792.52 0.170324 0.0583004 1.8338 30.3532 0.0998545 1.59016 -0.0270621 0.27087 0.0812719 
315.188 172.993 -1792.58 0.168755 0.0836514 1.8469 30.1299 -0.00191846 1.62367 -0.021365 0.270164 0.0885992 
314.381 175.885 -1792.71 0.168287 0.108398 1.85998 29.884 -0.0981735 1.62674 -0.0134417 0.261157 0.0833293 
313.555 178.74 -1792.91 0.16656 0.131518 1.87091 29.6051 -0.130363 1.59148 -0.0382758 0.234519 0.0541362 
312.71 181.553 -1793.18 0.163517 0.15339 1.87887 29.3052 -0.0885488 1.55595 -0.0451052 0.224725 0.0307835 
311.85 184.323 -1793.5 0.159584 0.174977 1.88483 28.9844 -0.00165071 1.53845 -0.0531821 0.220522 0.0179066 
310.978 187.047 -1793.89 0.154813 0.196267 1.88997 28.6438 0.0937041 1.53003 -0.0609256 0.215519 0.0171362 
310.096 189.723 -1794.32 0.149551 0.216925 1.89538 28.2845 0.165964 1.52232 -0.0659117 0.208633 0.0260717 
309.208 192.349 -1794.8 0.144316 0.236694 1.90178 27.9078 0.197389 1.51263 -0.0669638 0.20062 0.0398586 
308.316 194.919 -1795.33 0.146827 0.254448 1.91001 27.4175 0.179405 1.48122 0.0395508 0.176106 0.0630543 
307.425 197.427 -1795.89 0.154142 0.270107 1.91967 26.9157 0.135188 1.44816 0.0532185 0.162755 0.0732166 
306.533 199.873 -1796.48 0.162552 0.284528 1.93 26.4038 0.0875803 1.42694 0.0579113 0.153608 0.0765898 
305.641 202.258 -1797.1 0.170118 0.300896 1.94031 25.9113 0.0694037 1.47306 0.0398392 0.194232 0.0641729 
304.748 204.581 -1797.74 0.176818 0.319351 1.95 25.4071 0.0872594 1.52606 0.03529 0.196532 0.0545276 
303.854 206.841 -1798.41 0.183005 0.337097 1.95894 24.8938 0.129556 1.54063 0.0307295 0.181652 0.0492828 
302.96 209.036 -1799.1 0.188712 0.353178 1.96744 24.3721 0.181902 1.52836 0.0258948 0.1642 0.049459 
302.066 211.166 -1799.8 0.194119 0.367543 1.97604 23.843 0.231009 1.50723 0.021735 0.148897 0.0546718 
301.174 213.232 -1800.52 0.199498 0.380328 1.98523 23.308 0.267557 1.48668 0.0189478 0.135514 0.063518 
300.284 215.234 -1801.25 0.205114 0.391596 1.9953 22.7692 0.287314 1.46897 0.0177769 0.122781 0.0741622 
299.397 217.173 -1801.98 0.210284 0.400844 2.00621 22.2273 0.289384 1.44396 0.00556766 0.100784 0.084853 
298.513 219.051 -1802.71 0.215412 0.407949 2.0179 21.6865 0.276519 1.41797 0.00571242 0.0842076 0.0948693 
297.632 220.87 -1803.44 0.22103 0.413342 2.03026 21.1485 0.254995 1.39804 0.00806655 0.0703863 0.102591 
296.755 222.631 -1804.15 0.227124 0.417219 2.04303 20.6153 0.231688 1.38371 0.0106657 0.0571614 0.107756 
295.881 224.336 -1804.85 0.233554 0.419629 2.05595 20.0889 0.212363 1.37272 0.0128394 0.043538 0.110745 
295.011 225.988 -1805.53 0.240146 0.420555 2.06877 19.5711 0.20088 1.36338 0.0142757 0.0293046 0.112284 
294.144 227.587 -1806.2 0.24674 0.41997 2.08134 19.0639 0.19902 1.35493 0.0148772 0.0145742 0.113216 
293.279 229.136 -1806.84 0.253211 0.417841 2.09359 18.569 0.206738 1.34723 0.0147062 -0.000483951 0.114335 
292.405 230.66 -1807.47 0.256752 0.412919 2.1056 18.6583 0.204202 1.30946 -0.0291072 -0.0357581 0.123928 
291.507 232.182 -1808.09 0.258331 0.405282 2.118 18.7508 0.18163 1.25753 -0.0353886 -0.0510276 0.134728 
290.585 233.704 -1808.71 0.26 0.396637 2.13115 18.846 0.14322 1.2203 -0.0332763 -0.0524076 0.143095 
289.638 235.225 -1809.33 0.262158 0.388031 2.14499 18.9442 0.0958926 1.20316 -0.0292902 -0.0473033 0.147787 
288.668 236.748 -1809.93 0.264762 0.379912 2.15921 19.0459 0.0473063 1.20063 -0.0252677 -0.0408217 0.148551 
287.671 238.27 -1810.52 0.26763 0.372373 2.17343 19.1513 0.0045389 1.20518 -0.0220025 -0.035302 0.145787 
286.653 239.786 -1811.1 0.274478 0.366992 2.18786 19.0888 -0.0203207 1.24447 0.0388874 -0.000109794 0.140738 
285.618 241.287 -1811.67 0.284178 0.364081 2.20214 19.0313 -0.0176827 1.29673 0.049674 0.0146777 0.131545 
284.573 242.759 -1812.22 0.292482 0.362003 2.21526 18.6208 0.0207954 1.33748 0.0275468 0.01278 0.116524 
283.529 244.188 -1812.75 0.298834 0.359425 2.22689 18.2193 0.0884267 1.36042 0.0180108 0.000226998 0.107857 
282.485 245.575 -1813.25 0.303956 0.355521 2.23747 17.8272 0.171562 1.36686 0.0105361 -0.0161842 0.105624 
281.442 246.92 -1813.73 0.308159 0.34995 2.24756 17.4453 0.257736 1.36374 0.00389674 -0.0328283 0.109633 
280.386 248.242 -1814.2 0.310749 0.342187 2.25768 17.5511 0.331176 1.34026 -0.016708 -0.054911 0.119947 
279.301 249.56 -1814.65 0.312293 0.33252 2.26853 17.6639 0.379892 1.30683 -0.0230423 -0.0644029 0.134891 
278.189 250.875 -1815.09 0.313846 0.321914 2.2808 17.7835 0.399898 1.28149 -0.0241398 -0.0646889 0.151598 
277.049 252.185 -1815.52 0.315845 0.311008 2.29475 17.91 0.391462 1.26865 -0.0222707 -0.0601228 0.167762 
275.88 253.493 -1815.94 0.318477 0.300131 2.31031 18.0437 0.358504 1.26578 -0.0183789 -0.0539486 0.181461 
274.681 254.797 -1816.34 0.321784 0.289428 2.32716 18.1842 0.307773 1.2685 -0.0132521 -0.0478599 0.191278 
273.452 256.097 -1816.72 0.325696 0.278977 2.34485 18.3311 0.247754 1.27323 -0.0077046 -0.0423664 0.19642 
272.192 257.392 -1817.1 0.330069 0.268862 2.36289 18.484 0.187421 1.27793 -0.00252816 -0.0373543 0.196776 
270.9 258.681 -1817.46 0.334712 0.259193 2.38082 18.6423 0.134991 1.28188 0.00160174 -0.0325252 0.192881 
269.587 259.953 -1817.81 0.338901 0.250051 2.39826 18.4888 0.0989616 1.29085 -0.00381044 -0.0293763 0.185874 
268.269 261.191 -1818.13 0.343731 0.240028 2.41467 18.172 0.0841046 1.286 0.0158184 -0.0520811 0.18084 
266.952 262.392 -1818.43 0.349044 0.228247 2.42973 17.8745 0.091972 1.27046 0.0192532 -0.0692045 0.174782 
265.635 263.556 -1818.7 0.353994 0.215202 2.44364 17.5966 0.119459 1.25571 0.0181204 -0.081677 0.170149 
264.319 264.685 -1818.94 0.358381 0.20119 2.45673 17.3393 0.161001 1.2456 0.0153035 -0.091298 0.16817 
263.002 265.781 -1819.16 0.362178 0.186314 2.46937 17.1034 0.210069 1.23996 0.0119146 -0.099535 0.169394 
261.683 266.845 -1819.33 0.365428 0.170552 2.4819 16.8896 0.260205 1.23729 0.00863547 -0.107217 0.173846 
260.36 267.881 -1819.48 0.368763 0.154338 2.49459 16.7577 0.311947 1.24178 0.0147388 -0.106091 0.176591 
259.028 268.89 -1819.6 0.372091 0.137909 2.50755 16.6436 0.361636 1.24941 0.0136249 -0.107728 0.181971 
257.688 269.874 -1819.68 0.375079 0.120945 2.52096 16.5482 0.404176 1.25529 0.0115563 -0.111269 0.189927 
256.339 270.833 -1819.74 0.377727 0.103241 2.53499 16.4719 0.435619 1.25797 0.0101804 -0.115549 0.199774 
254.98 271.768 -1819.76 0.380109 0.0847226 2.54977 16.4151 0.453576 1.25778 0.00994131 -0.11964 0.210597 
253.61 272.678 -1819.75 0.382309 0.0654171 2.56535 16.3781 0.457289 1.25569 0.0108884 -0.122973 0.221424 
252.229 273.566 -1819.71 0.384397 0.045425 2.58173 16.3609 0.447498 1.25258 0.012887 -0.12528 0.231352 
250.836 274.43 -1819.63 0.386421 0.0248923 2.59884 16.3636 0.426186 1.24911 0.0156942 -0.126489 0.23962 
249.43 275.272 -1819.52 0.388409 0.00399164 2.61655 16.386 0.396244 1.24562 0.0190036 -0.126624 0.245673 
248.012 276.09 -1819.38 0.390658 -0.0161336 2.63504 16.3748 0.362663 1.25981 0.0271317 -0.106718 0.248895 
246.584 276.884 -1819.21 0.393097 -0.0349382 2.65426 16.3819 0.330068 1.28461 0.031164 -0.095446 0.249455 
245.144 277.652 -1819.01 0.395498 -0.0530532 2.6737 16.4069 0.301408 1.30548 0.0338073 -0.0907292 0.247889 
243.691 278.395 -1818.77 0.397781 -0.0708687 2.69299 16.4489 0.278785 1.31751 0.0356046 -0.0894998 0.244692 
242.219 279.116 -1818.51 0.40001 -0.0896871 2.71167 16.6638 0.256508 1.29883 0.0386738 -0.110543 0.244479 
240.718 279.818 -1818.22 0.402205 -0.109842 2.72968 16.8955 0.232766 1.2607 0.0409771 -0.118474 0.242643 
239.188 280.501 -1817.89 0.404278 -0.130122 2.74737 17.1422 0.209529 1.22574 0.042744 -0.115254 0.239275 
237.63 281.165 -1817.53 0.406164 -0.149626 2.76497 17.4034 0.188668 1.20302 0.0439844 -0.105027 0.234565 
236.042 281.81 -1817.14 0.407817 -0.167843 2.78257 17.6783 0.171741 1.19284 0.044688 -0.0916608 0.228804 
234.424 282.435 -1816.71 0.409209 -0.184577 2.80019 17.9664 0.159819 1.19154 0.0448618 -0.0777245 0.222357 
232.782 283.038 -1816.25 0.407482 -0.199567 2.81806 18.1351 0.145282 1.20372 3.36016e-05 -0.0591371 0.21947 
231.119 283.616 -1815.77 0.403135 -0.213034 2.83649 18.3156 0.123897 1.22211 -0.00892887 -0.0469832 0.218339 
229.436 284.168 -1815.25 0.398078 -0.225454 2.85529 18.5073 0.0963785 1.23698 -0.00984157 -0.0391264 0.216202 
227.73 284.695 -1814.71 0.392798 -0.237045 2.87419 18.7089 0.0655928 1.24598 -0.00899696 -0.0332315 0.212277 
226.003 285.195 -1814.14 0.387444 -0.247829 2.89296 18.9193 0.0350401 1.25049 -0.00799996 -0.0276336 0.206434 
224.252 285.668 -1813.55 0.382061 -0.257724 2.91141 19.1374 0.00811435 1.25283 -0.00740292 -0.0215289 0.198891 
222.478 286.115 -1812.94 0.376653 -0.266621 2.92943 19.3623 -0.0124331 1.25488 -0.00746041 -0.0147623 0.190115 
220.652 286.54 -1812.3 0.37571 -0.272728 2.94738 20.1826 -0.0149737 1.27845 0.0649254 0.0274069 0.175093 
218.745 286.946 -1811.63 0.378152 -0.274551 2.96516 20.9826 0.00788772 1.31805 0.0760553 0.063391 0.156698 
216.758 287.33 -1810.93 0.381016 -0.272775 2.98251 21.7602 0.055721 1.3588 0.0741947 0.0923435 0.141163 
214.689 287.688 -1810.21 0.383631 -0.268127 2.99962 22.5133 0.120447 1.39419 0.0694227 0.116299 0.131131 
212.541 288.015 -1809.48 0.38579 -0.261186 3.01693 23.2398 0.189517 1.42404 0.0644965 0.137496 0.12765 
210.333 288.305 -1808.75 0.386146 -0.253682 3.03456 23.5561 0.244868 1.42909 0.0393045 0.131131 0.132965 
208.085 288.556 -1808.03 0.385266 -0.246711 3.05284 23.8639 0.273463 1.42172 0.0349832 0.132581 0.14328 
205.798 288.765 -1807.31 0.384093 -0.239715 3.07231 24.1621 0.27084 1.41962 0.0358559 0.139481 0.154274 
203.476 288.931 -1806.6 0.383198 -0.234291 3.09185 24.4009 0.250536 1.38038 0.0380739 0.108214 0.157075 
201.124 289.055 -1805.91 0.382762 -0.23055 3.11084 24.6324 0.224003 1.33398 0.0406409 0.102598 0.15727 
198.745 289.135 -1805.22 0.382649 -0.226576 3.12977 24.8558 0.198315 1.31379 0.0428291 0.109952 0.154801 
196.34 289.172 -1804.54 0.382802 -0.221622 -3.13448 25.0713 0.179689 1.31512 0.0442139 0.119605 0.15028 
193.91 289.165 -1803.87 0.383181 -0.215669 -3.11573 25.2792 0.171999 1.32487 0.0445894 0.127205 0.144774 
191.457 289.113 -1803.21 0.383728 -0.208926 -3.09728 25.4793 0.176027 1.33467 0.0439916 0.13256 0.139511 
188.991 289.014 -1802.56 0.379616 -0.199387 -3.07775 25.4695 0.166709 1.39862 -0.0234376 0.179923 0.145756 
186.523 288.869 -1801.93 0.372823 -0.187427 -3.0565 25.4503 0.13064 1.4683 -0.0278107 0.191306 0.153675 
184.054 288.676 -1801.33 0.366293 -0.175397 -3.03478 25.4223 0.0777182 1.50067 -0.0240484 0.186085 0.156854 
181.586 288.434 -1800.76 0.360504 -0.163916 -3.01342 25.3846 0.0231355 1.50562 -0.0196926 0.178486 0.154326 
179.12 288.143 -1800.23 0.355462 -0.15275 -2.99286 25.3365 -0.0194291 1.50098 -0.0165997 0.173403 0.147104 
176.66 287.805 -1799.72 0.351015 -0.141549 -2.97335 25.2777 -0.0412447 1.49653 -0.0154629 0.170557 0.137297 
174.206 287.421 -1799.24 0.348108 -0.130096 -2.95489 25.229 -0.0388378 1.49557 0.00112425 0.169852 0.127737 
171.756 286.99 -1798.78 0.349724 -0.11701 -2.9376 25.2422 0.0159042 1.52046 0.0533724 0.190524 0.105072 
169.309 286.511 -1798.36 0.353286 -0.102054 -2.9218 25.2427 0.122744 1.54928 0.0498109 0.196567 0.0888057 
166.844 285.979 -1797.97 0.354361 -0.0901578 -2.90732 25.6918 0.217232 1.48446 0.0108509 0.135892 0.101552 
164.37 285.397 -1797.61 0.350653 -0.0789507 -2.89145 25.5667 0.259888 1.47635 -0.040577 0.179927 0.119501 
161.916 284.774 -1797.27 0.344977 -0.0654514 -2.87266 25.429 0.244971 1.52407 -0.0432339 0.197281 0.140316 
159.482 284.109 -1796.97 0.339709 -0.0518436 -2.85201 25.2811 0.183531 1.55677 -0.0373008 0.195489 0.155535 
157.073 283.403 -1796.71 0.335405 -0.0390526 -2.83059 25.1231 0.0981176 1.56507 -0.0292872 0.18724 0.161838 
154.688 282.657 -1796.48 0.332158 -0.0270268 -2.80936 24.9546 0.0136454 1.56022 -0.0219025 0.179296 0.158943 
152.332 281.872 -1796.28 0.329812 -0.0153925 -2.78904 24.7755 -0.0493501 1.5523 -0.0168588 0.173081 0.148918 
150.006 281.051 -1796.11 0.328065 -0.00385702 -2.77007 24.5866 -0.0789419 1.54539 -0.0149485 0.16786 0.135227 
147.71 280.195 -1795.97 0.326569 0.00767335 -2.75261 24.3887 -0.0731223 1.5398 -0.0160699 0.162757 0.121638 
145.448 279.305 -1795.86 0.325023 0.0191235 -2.73648 24.1825 -0.038473 1.53474 -0.0194248 0.157341 0.111274 
143.19 278.371 -1795.77 0.328485 0.0298906 -2.72171 24.6172 0.0304206 1.50861 0.0549686 0.145038 0.0987998 
140.935 277.391 -1795.72 0.331428 0.0405557 -2.70816 24.4757 0.123574 1.48792 0.00724249 0.144984 0.0908362 
138.71 276.379 -1795.68 0.332067 0.0512737 -2.6947 24.3244 0.214239 1.48296 -0.0049339 0.145001 0.0951928 
136.517 275.336 -1795.67 0.332076 0.0616135 -2.68046 24.1644 0.281194 1.48268 -0.0102778 0.142818 0.107116 
134.355 274.264 -1795.68 0.331972 0.0711967 -2.66498 23.9969 0.313306 1.48144 -0.0117902 0.138854 0.122729 
132.227 273.164 -1795.71 0.332127 0.0798436 -2.64814 23.8225 0.309374 1.47809 -0.0101022 0.134081 0.138214 
130.134 272.037 -1795.76 0.332812 0.0875614 -2.6301 23.6415 0.276516 1.47331 -0.0061169 0.129131 0.150475 
128.076 270.884 -1795.83 0.334163 0.0944728 -2.61127 23.4543 0.227072 1.46798 -0.0010484 0.124215 0.157678 
126.055 269.707 -1795.91 0.336173 0.100743 -2.59216 23.2613 0.17493 1.46256 0.00386729 0.119311 0.159426 
124.071 268.507 -1796.01 0.338717 0.106527 -2.57325 23.063 0.132227 1.45719 0.0076403 0.114335 0.156582 
122.124 267.283 -1796.12 0.340934 0.109634 -2.55568 22.8943 0.104105 1.40387 0.0012403 0.0661686 0.151927 
120.213 266.036 -1796.24 0.342795 0.109776 -2.5397 22.724 0.0925335 1.33858 0.00106071 0.046865 0.146396 
118.332 264.767 -1796.36 0.344151 0.109244 -2.52482 22.6359 0.104276 1.29975 -0.00533275 0.0443761 0.136127 
116.48 263.473 -1796.48 0.344957 0.109062 -2.51075 22.5469 0.136079 1.28615 -0.00917082 0.0468813 0.129048 
114.654 262.156 -1796.6 0.345334 0.109265 -2.49708 22.4581 0.178655 1.28578 -0.0130553 0.0485321 0.126004 
112.856 260.817 -1796.72 0.345331 0.109549 -2.48348 22.3702 0.222101 1.28873 -0.0166012 0.0479946 0.127118 
111.086 259.455 -1796.84 0.345044 0.109604 -2.46965 22.2835 0.257847 1.2905 -0.0191883 0.0459135 0.131702 
109.343 258.072 -1796.95 0.344613 0.109238 -2.45536 22.1983 0.280114 1.29031 -0.0204262 0.0432204 0.138497 
107.628 256.668 -1797.06 0.344186 0.108374 -2.44047 22.1149 0.286603 1.28885 -0.0202367 0.0405028 0.146002 
105.936 255.239 -1797.17 0.347142 0.107811 -2.42464 22.1485 0.282826 1.30068 0.0304297 0.0541561 0.152579 
104.264 253.782 -1797.27 0.352497 0.107974 -2.4081 22.1819 0.277042 1.31742 0.0388076 0.0605539 0.154972 
102.613 252.296 -1797.38 0.358306 0.108343 -2.39126 22.2151 0.27292 1.32789 0.0406366 0.0623728 0.156216 
100.983 250.781 -1797.49 0.364242 0.108657 -2.3743 22.2481 0.271778 1.33141 0.0412391 0.062642 0.157013 
99.367 249.226 -1797.6 0.369099 0.108699 -2.35723 22.5718 0.266688 1.32354 0.0243346 0.0611496 0.159744 
97.7547 247.623 -1797.71 0.373325 0.108763 -2.3398 22.8864 0.253427 1.31404 0.0232359 0.0666994 0.162541 
96.1486 245.97 -1797.83 0.377662 0.109396 -2.32189 23.1912 0.235128 1.31207 0.0246645 0.0759923 0.163786 
94.5509 244.268 -1797.96 0.382224 0.110852 -2.30358 23.4859 0.216317 1.3168 0.0263059 0.0859804 0.163167 
92.9641 242.517 -1798.1 0.386993 0.113173 -2.28503 23.7702 0.201351 1.32455 0.0275413 0.0952078 0.160939 
91.391 240.718 -1798.24 0.391915 0.116318 -2.26639 24.0437 0.193385 1.33255 0.0281119 0.103447 0.157722 
89.8341 238.87 -1798.39 0.396924 0.120225 -2.24773 24.3061 0.193736 1.33971 0.0279594 0.110966 0.154329 
88.2962 236.974 -1798.56 0.401968 0.124831 -2.22906 24.5571 0.201708 1.34601 0.0272011 0.118044 0.151556 
86.7967 235.054 -1798.74 0.405761 0.132572 -2.20883 24.227 0.205485 1.41823 0.00448876 0.172989 0.156962 
85.355 233.131 -1798.93 0.409098 0.142812 -2.18676 23.8937 0.201367 1.49729 0.00271835 0.182671 0.163252 
83.9735 231.207 -1799.13 0.412746 0.152465 -2.16421 23.5594 0.192139 1.53073 0.00399815 0.170745 0.168387 
82.6531 229.282 -1799.35 0.416726 0.160489 -2.14179 23.2243 0.182022 1.52899 0.00567405 0.154716 0.172031 
81.3936 227.359 -1799.59 0.420978 0.166936 -2.11965 22.8883 0.174768 1.51313 0.00708364 0.141303 0.174411 
80.1943 225.438 -1799.83 0.425429 0.172131 -2.09778 22.5522 0.172863 1.49609 0.00798414 0.130939 0.176037 
79.0541 223.522 -1800.07 0.430005 0.176309 -2.07612 22.2169 0.177258 1.48208 0.00833325 0.122181 0.177516 
77.9722 221.612 -1800.33 0.43464 0.179548 -2.05464 21.8841 0.1875 1.4709 0.00821827 0.113816 0.179401 
76.9475 219.708 -1800.58 0.439282 0.181831 -2.03328 21.5548 0.202124 1.46125 0.00780159 0.105297 0.182092 
75.9789 217.811 -1800.83 0.4439 0.183098 -2.012 21.2305 0.219147 1.45217 0.00727219 0.0965364 0.185791 
75.0561 215.902 -1801.08 0.446708 0.182258 -1.99104 21.3643 0.224152 1.41577 -0.0193252 0.0694893 0.193927 
74.1693 213.963 -1801.33 0.448362 0.179472 -1.97002 21.4969 0.208632 1.37231 -0.0217508 0.0619259 0.202754 
73.3184 211.993 -1801.58 0.450119 0.176218 -1.94835 21.6276 0.176875 1.34735 -0.0194347 0.0658517 0.209204 
72.5036 209.994 -1801.83 0.452227 0.173282 -1.92599 21.7566 0.136279 1.34094 -0.0161132 0.0734658 0.21212 
71.7261 207.966 -1802.08 0.454677 0.17093 -1.90322 21.8841 0.0951974 1.34471 -0.0129599 0.0805728 0.211303 
70.9873 205.91 -1802.33 0.457366 0.169194 -1.8804 22.0104 0.0612094 1.3513 -0.0106381 0.0860509 0.207298 
70.2886 203.827 -1802.58 0.460152 0.168056 -1.85785 22.1351 0.039744 1.35706 -0.00954184 0.0902741 0.201193 
69.6315 201.717 -1802.83 0.462889 0.167497 -1.83573 22.2582 0.0332497 1.36121 -0.00978615 0.093913 0.194361 
69.0204 199.592 -1803.08 0.46513 0.166467 -1.8153 22.151 0.0621798 1.33963 -0.0137444 0.0702963 0.175854 
68.4578 197.465 -1803.32 0.466464 0.164596 -1.79709 22.0468 0.126315 1.30898 -0.0199014 0.0594466 0.163088 
67.9422 195.336 -1803.56 0.4669 0.162536 -1.78 21.9452 0.208494 1.2891 -0.0270731 0.0562433 0.157879 
67.4725 193.205 -1803.79 0.466565 0.160387 -1.76312 21.8468 0.290694 1.28099 -0.0337026 0.0555114 0.160351 
67.0476 191.074 -1804 0.465688 0.157923 -1.74574 21.7524 0.357572 1.27949 -0.0385375 0.0545103 0.169152 
66.6632 188.92 -1804.22 0.467518 0.155942 -1.72644 22.1363 0.388791 1.29852 0.0028743 0.0802524 0.188551 
66.3185 186.73 -1804.43 0.470634 0.15565 -1.70409 22.3206 0.374585 1.34446 -0.005923 0.110671 0.207796 
66.018 184.515 -1804.64 0.474057 0.156343 -1.67917 22.5016 0.321668 1.38875 -0.00212518 0.123437 0.223386 
65.7649 182.276 -1804.86 0.478298 0.157057 -1.65278 22.6788 0.244579 1.4134 0.00479589 0.127402 0.232069 
65.562 180.015 -1805.08 0.483362 0.157664 -1.62584 22.851 0.161627 1.42226 0.0119144 0.129497 0.232829 
65.4115 177.734 -1805.31 0.48907 0.158488 -1.59904 23.0173 0.0904682 1.42411 0.0175296 0.132692 0.226465 
65.3153 175.434 -1805.55 0.495151 0.15993 -1.57285 23.1774 0.0444632 1.42491 0.0206034 0.137267 0.215191 
65.2748 173.142 -1805.79 0.500554 0.161608 -1.5484 22.8337 0.0481973 1.41492 0.010999 0.123155 0.193489 
65.2892 170.884 -1806.03 0.504921 0.162986 -1.52627 22.4964 0.103334 1.39911 0.00465305 0.111937 0.177122 
65.3564 168.661 -1806.27 0.508359 0.16401 -1.50573 22.1661 0.190906 1.38496 -0.00291987 0.10292 0.168802 
65.4744 166.471 -1806.5 0.510912 0.164419 -1.48594 21.8437 0.289461 1.37406 -0.0106448 0.094798 0.169508 
65.6412 164.315 -1806.72 0.512754 0.163844 -1.46611 21.5305 0.379579 1.36555 -0.0170116 0.0867501 0.178371 
65.855 162.194 -1806.93 0.514156 0.161936 -1.44563 21.2278 0.447085 1.35824 -0.0209629 0.0785155 0.193187 
66.1141 160.106 -1807.13 0.515416 0.158461 -1.42411 20.9369 0.484532 1.35132 -0.0220638 0.0701682 0.211101 
66.4171 158.052 -1807.31 0.516795 0.153333 -1.40142 20.6589 0.491114 1.34451 -0.0204601 0.0619015 0.229246 
66.7625 156.031 -1807.48 0.518474 0.146611 -1.37765 20.3947 0.471417 1.3378 -0.0167346 0.053898 0.245238 
67.1493 154.042 -1807.63 0.520539 0.13846 -1.35307 20.1447 0.433537 1.33133 -0.0117199 0.0462773 0.25748 
67.5762 152.085 -1807.76 0.525186 0.129545 -1.3271 19.9007 0.375416 1.33977 0.0267178 0.0547136 0.275777 
68.0427 150.161 -1807.88 0.53197 0.120151 -1.2998 19.6679 0.30811 1.35432 0.0393672 0.0549467 0.285468 
68.5489 148.27 -1807.97 0.539462 0.110004 -1.2722 19.4473 0.245544 1.36257 0.0465641 0.0498659 0.288765 
69.0948 146.41 -1808.05 0.547219 0.0990661 -1.24497 19.2396 0.197711 1.36284 0.0513301 0.0427574 0.287293 
69.6801 144.584 -1808.1 0.551848 0.0869637 -1.21918 19.0468 0.172206 1.34444 0.00564771 0.0207007 0.277939 
70.304 142.789 -1808.13 0.553819 0.0736791 -1.19506 18.8689 0.167466 1.31821 -0.00283701 0.00704021 0.271 
70.9648 141.025 -1808.14 0.554932 0.0598195 -1.17206 18.7061 0.180073 1.29754 -0.00537062 -0.000322503 0.265377 
71.6613 139.293 -1808.11 0.555464 0.0457204 -1.14979 18.5592 0.205587 1.28523 -0.00754279 -0.0044851 0.261655 
72.3925 137.59 -1808.07 0.555433 0.031451 -1.12793 18.4286 0.238514 1.27928 -0.00998344 -0.00760555 0.260357 
73.1577 135.917 -1807.99 0.554838 0.0169296 -1.10624 18.3149 0.273056 1.27675 -0.0123913 -0.0106811 0.26161 
73.9564 134.272 -1807.88 0.553714 0.0011016 -1.08504 18.222 0.302829 1.25715 -0.0138901 -0.0334492 0.265929 
74.7876 132.656 -1807.75 0.552124 -0.0164559 -1.06429 18.1476 0.323504 1.22875 -0.0146436 -0.0459345 0.271724 

